шварц 1 2 3 4 5 6 7 8 9 10 11 12 13 14 15 16 17 18 19 20 21 22 23 24 25 26 27 28 29 30 31 32 33 34 35 36 37 38 39 40 41 42 43 44 45 46 47 48 49 50 51 52 53 54 55 56 57 58 59 60 61 62 63 64 65 66 67 68 69 70 71 72 73 74 75 76 77 78 79 80 81 82 83 84 85 86 87 88 89 90 91 92 93 94 95 96 97 98 99 100 101 102 103 104 105 106 107 108 109 110 111 112 113 114 115 116 117 118 119 120 121 122 123 124 125 126 127 128 129 130
вадим 1 2 3 4 5 6 7 8 9 10 11 12 13 14 15 16 17 18 19 20 21 22 23 24 25 26 27 28 29 30 31 32 33 34 35 36 37 38 39 40 41 42 43 44 45 46 47 48 49 50 51 52 53 54 55 56 57 58 59 60 61 62 63 64 65 66 67 68 69 70 71 72 73 74 75 76 77 78 79 80 81 82 83 84 85 86 87 88 89 90 91 92 93 94 95 96 97 98 99 100 101 102 103 104 105 106 107 108 109 110 111 112 113 114 115 116 117 118 119 120 121 122 123 124 125 126 127 128 129 130
николаевич 1 2 3 4 5 6 7 8 9 10 11 12 13 14 15 16 17 18 19 20 21 22 23 24 25 26 27 28 29 30 31 32 33 34 35 36 37 38 39 40 41 42 43 44 45 46 47 48 49 50 51 52 53 54 55 56 57 58 59 60 61 62 63 64 65 66 67 68 69 70 71 72 73 74 75 76 77 78 79 80 81 82 83 84 85 86 87 88 89 90 91 92 93 94 95 96 97 98 99 100 101 102 103 104 105 106 107 108 109 110 111 112 113 114 115 116 117 118 119 120 121 122 123 124 125 126 127 128 129 130
стих 1 2 3 4 5 6 7 8 9 10 11 12 13 14 15 16 17 18 19 20 21 22 23 24 25 26 27 28 29 30 31 32 33 34 35 36 37 38 39 40 41 42 43 44 45 46 47 48 49 50 51 52 53 54 55 56 57 58 59 60 61 62 63 64 65 66 67 68 69 70 71 72 73 74 75 76 77 78 79 80 81 82 83 84 85 86 87 88 89 90 91 92 93 94 95 96 97 98 99 100 101 102 103 104 105 106 107 108 109 110 111 112 113 114 115 116 117 118 119 120 121 122 123 124 125 126 127 128 129 130
ру 1 2 3 4 5 6 7 8 9 10 11 12 13 14 15 16 17 18 19 20 21 22 23 24 25 26 27 28 29 30 31 32 33 34 35 36 37 38 39 40 41 42 43 44 45 46 47 48 49 50 51 52 53 54 55 56 57 58 59 60 61 62 63 64 65 66 67 68 69 70 71 72 73 74 75 76 77 78 79 80 81 82 83 84 85 86 87 88 89 90 91 92 93 94 95 96 97 98 99 100 101 102 103 104 105 106 107 108 109 110 111 112 113 114 115 116 117 118 119 120 121 122 123 124 125 126 127 128 129 130
произведение 1 2 3 4 5 6 7 8 9 10 11 12 13 14 15 16 17 18 19 20 21 22 23 24 25 26 27 28 29 30 31 32 33 34 35 36 37 38 39 40 41 42 43 44 45 46 47 48 49 50 51 52 53 54 55 56 57 58 59 60 61 62 63 64 65 66 67 68 69 70 71 72 73 74 75 76 77 78 79 80 81 82 83 84 85 86 87 88 89 90 91 92 93 94 95 96 97 98 99 100 101 102 103 104 105 106 107 108 109 110 111 112 113 114 115 116 117 118 119 120 121 122 123 124 125 126 127 128 129 130
продолжение 1 34 98 37 40 45 111 50 59
портал 1 2 3 4 5 6 7 8 9 10 11 12 13 14 15 16 17 18 19 20 21 22 23 24 25 26 27 28 29 30 31 32 33 34 35 36 37 38 39 40 41 42 43 44 45 46 47 48 49 50 51 52 53 54 55 56 57 58 59 60 61 62 63 64 65 66 67 68 69 70 71 72 73 74 75 76 77 78 79 80 81 82 83 84 85 86 87 88 89 90 91 92 93 94 95 96 97 98 99 100 101 102 103 104 105 106 107 108 109 110 111 112 113 114 115 116 117 118 119 120 121 122 123 124 125 126 127 128 129 130
предоставлять 1 2 3 4 5 6 7 8 9 10 11 12 13 14 15 16 17 18 19 20 21 22 23 24 25 26 27 28 29 30 31 32 33 34 35 36 37 38 39 40 41 42 43 44 45 46 47 48 49 50 51 52 53 54 55 56 57 58 59 60 61 62 63 64 65 66 67 68 69 70 71 72 73 74 75 76 77 78 79 80 81 82 83 84 85 86 87 88 89 90 91 92 93 94 95 96 97 98 99 100 101 102 103 104 105 106 107 108 109 110 111 112 113 114 115 116 117 118 119 120 121 122 123 124 125 126 127 128 129 130
автор 1 2 3 4 5 6 7 8 9 10 11 12 13 14 15 16 17 18 19 20 21 22 23 24 25 26 27 28 29 30 31 32 33 34 35 36 37 38 39 40 41 42 43 44 45 46 47 48 49 50 51 52 53 54 55 56 57 58 59 60 61 62 63 64 65 66 67 68 69 70 71 72 73 74 75 76 77 78 79 80 81 82 83 84 85 86 87 88 89 90 91 92 93 94 95 96 97 98 99 100 101 102 103 104 105 106 107 108 109 110 111 112 113 114 115 116 117 118 119 120 121 122 123 124 125 126 127 128 129 130
возможность 1 2 3 4 5 6 7 8 9 10 11 12 13 14 15 16 17 18 19 20 21 22 23 24 25 26 27 28 29 30 31 32 33 34 35 36 37 38 39 40 41 42 43 44 45 46 47 48 49 50 51 52 53 54 55 56 57 58 59 60 61 62 63 64 65 66 67 68 69 70 71 72 73 74 75 76 77 78 79 80 81 82 83 84 85 86 87 88 89 90 91 92 93 94 95 96 97 98 99 100 101 102 103 104 105 106 107 108 109 110 111 112 113 114 115 116 117 118 119 120 121 122 123 124 125 126 127 128 129 130
свободный 1 2 3 4 5 6 7 8 9 10 11 12 13 14 15 16 17 18 19 20 21 22 23 24 25 26 27 28 29 30 31 32 33 34 35 36 37 38 39 40 41 42 43 44 45 46 47 48 49 50 51 52 53 54 55 56 57 58 59 60 61 62 63 64 65 66 67 68 69 70 71 72 73 74 75 76 77 78 79 80 81 82 83 84 85 86 87 88 89 90 91 92 93 94 95 96 97 98 99 100 101 102 103 104 105 106 107 108 109 110 111 112 113 114 115 116 117 118 119 120 121 122 123 124 125 126 127 128 129 130
публикация 1 2 3 4 5 6 7 8 9 10 11 12 13 14 15 16 17 18 19 20 21 22 23 24 25 26 27 28 29 30 31 32 33 34 35 36 37 38 39 40 41 42 43 44 45 46 47 48 49 50 51 52 53 54 55 56 57 58 59 60 61 62 63 64 65 66 67 68 69 70 71 72 73 74 75 76 77 78 79 80 81 82 83 84 85 86 87 88 89 90 91 92 93 94 95 96 97 98 99 100 101 102 103 104 105 106 107 108 109 110 111 112 113 114 115 116 117 118 119 120 121 122 123 124 125 126 127 128 129 130
свой 1 2 3 4 5 6 7 8 9 10 11 12 13 14 15 16 17 18 19 20 21 22 23 24 25 26 27 28 29 30 31 32 33 34 35 36 37 38 39 40 41 42 43 44 45 46 47 48 49 50 51 52 53 54 55 56 57 58 59 60 61 62 63 64 65 66 67 68 69 70 71 72 73 74 75 76 77 78 79 80 81 82 83 84 85 86 87 88 89 90 91 92 93 94 95 96 97 98 99 100 101 102 103 104 105 106 107 108 109 110 111 112 113 114 115 116 117 118 119 120 121 122 123 124 125 126 127 128 129 130
литературный 1 2 3 4 5 6 7 8 9 10 11 12 13 14 15 16 17 18 19 20 21 22 23 24 25 26 27 28 29 30 31 32 33 34 35 36 37 38 39 40 41 42 43 44 45 46 47 48 49 50 51 52 53 54 55 56 57 58 59 60 61 62 63 64 65 66 67 68 69 70 71 72 73 74 75 76 77 78 79 80 81 82 83 84 85 86 87 88 89 90 91 92 93 94 95 96 97 98 99 100 101 102 103 104 105 106 107 108 109 110 111 112 113 114 115 116 117 118 119 120 121 122 123 124 125 126 127 128 129 130
сеть 1 2 3 4 5 6 7 8 9 10 11 12 13 14 15 16 17 18 19 20 21 22 23 24 25 26 27 28 29 30 31 32 33 34 35 36 37 38 39 40 41 42 43 44 45 46 47 48 49 50 51 52 53 54 55 56 57 58 59 60 61 62 63 64 65 66 67 68 69 70 71 72 73 74 75 76 77 78 79 80 81 82 83 84 85 86 87 88 89 90 91 92 93 94 95 96 97 98 99 100 101 102 103 104 105 106 107 108 109 110 111 112 113 114 115 116 117 118 119 120 121 122 123 124 125 126 127 128 129 130
интернет 1 2 3 4 5 6 7 8 9 10 11 12 13 14 15 16 17 18 19 20 21 22 23 24 25 26 27 28 29 30 31 32 33 34 35 36 37 38 39 40 41 42 43 44 45 46 47 48 49 50 51 52 53 54 55 56 57 58 59 60 61 62 63 64 65 66 67 68 69 70 71 72 73 74 75 76 77 78 79 80 81 82 83 84 85 86 87 88 89 90 91 92 93 94 95 96 97 98 99 100 101 102 103 104 105 106 107 108 109 110 111 112 113 114 115 116 117 118 119 120 121 122 123 124 125 126 127 128 129 130
основание 1 2 3 4 5 6 7 8 9 10 11 12 13 14 15 16 17 18 19 20 21 22 23 24 25 26 27 28 29 30 31 32 33 34 35 36 37 38 39 40 41 42 43 44 45 46 47 48 49 50 51 52 53 54 55 56 57 58 59 60 61 62 63 64 65 66 67 68 69 70 71 72 73 74 75 76 77 78 79 80 81 82 83 84 85 86 87 88 89 90 91 92 93 94 95 96 97 98 99 100 101 102 103 104 105 106 107 108 109 110 111 112 113 114 115 116 117 118 119 120 121 122 123 124 125 126 127 128 129 130
всё 1 2 3 4 5 6 7 8 9 10 11 12 13 14 15 16 17 18 19 20 21 22 23 24 25 26 27 28 29 30 31 32 33 34 35 36 37 38 39 40 41 42 43 44 45 46 47 48 49 50 51 52 53 54 55 56 57 58 59 60 61 62 63 64 65 66 67 68 69 70 71 72 73 74 75 76 77 78 79 80 81 82 83 84 85 86 87 88 89 90 91 92 93 94 95 96 97 98 99 100 101 102 103 104 105 106 107 108 109 110 111 112 113 114 115 116 117 118 119 120 121 122 123 124 125 126 127 128 129 130
авторский 1 2 3 4 5 6 7 8 9 10 11 12 13 14 15 16 17 18 19 20 21 22 23 24 25 26 27 28 29 30 31 32 33 34 35 36 37 38 39 40 41 42 43 44 45 46 47 48 49 50 51 52 53 54 55 56 57 58 59 60 61 62 63 64 65 66 67 68 69 70 71 72 73 74 75 76 77 78 79 80 81 82 83 84 85 86 87 88 89 90 91 92 93 94 95 96 97 98 99 100 101 102 103 104 105 106 107 108 109 110 111 112 113 114 115 116 117 118 119 120 121 122 123 124 125 126 127 128 129 130
право 1 2 3 4 5 6 7 8 9 10 11 12 13 14 15 16 17 18 19 20 21 22 23 24 25 26 27 28 29 30 31 32 33 34 35 36 37 38 39 40 41 42 43 44 45 46 47 48 49 50 51 52 53 54 55 56 57 58 59 60 61 62 63 64 65 66 67 68 69 70 71 72 73 74 75 76 77 78 79 80 81 82 83 84 85 86 87 88 89 90 91 92 93 94 95 96 97 98 99 100 101 102 103 104 105 106 107 108 109 110 111 112 113 114 115 116 117 118 119 120 121 122 123 124 125 126 127 128 129 130
принадлежать 1 2 3 4 5 6 7 8 9 10 11 12 13 14 15 16 17 18 19 20 21 22 23 24 25 26 27 28 29 30 31 32 33 34 35 36 37 38 39 40 41 42 43 44 45 46 47 48 49 50 51 52 53 54 55 56 57 58 59 60 61 62 63 64 65 66 67 68 69 70 71 72 73 74 75 76 77 78 79 80 81 82 83 84 85 86 87 88 89 90 91 92 93 94 95 96 97 98 99 100 101 102 103 104 105 106 107 108 109 110 111 112 113 114 115 116 117 118 119 120 121 122 123 124 125 126 127 128 129 130
охраняться 1 2 3 4 5 6 7 8 9 10 11 12 13 14 15 16 17 18 19 20 21 22 23 24 25 26 27 28 29 30 31 32 33 34 35 36 37 38 39 40 41 42 43 44 45 46 47 48 49 50 51 52 53 54 55 56 57 58 59 60 61 62 63 64 65 66 67 68 69 70 71 72 73 74 75 76 77 78 79 80 81 82 83 84 85 86 87 88 89 90 91 92 93 94 95 96 97 98 99 100 101 102 103 104 105 106 107 108 109 110 111 112 113 114 115 116 117 118 119 120 121 122 123 124 125 126 127 128 129 130
перепечатка 1 2 3 4 5 6 7 8 9 10 11 12 13 14 15 16 17 18 19 20 21 22 23 24 25 26 27 28 29 30 31 32 33 34 35 36 37 38 39 40 41 42 43 44 45 46 47 48 49 50 51 52 53 54 55 56 57 58 59 60 61 62 63 64 65 66 67 68 69 70 71 72 73 74 75 76 77 78 79 80 81 82 83 84 85 86 87 88 89 90 91 92 93 94 95 96 97 98 99 100 101 102 103 104 105 106 107 108 109 110 111 112 113 114 115 116 117 118 119 120 121 122 123 124 125 126 127 128 129 130
возможный 1 2 3 4 5 6 7 8 9 10 11 12 13 14 15 16 17 18 19 20 21 22 23 24 25 26 27 28 29 30 31 32 33 34 35 36 37 38 39 40 41 42 43 44 45 46 47 48 49 50 51 52 53 54 55 56 57 58 59 60 61 62 63 64 65 66 67 68 69 70 71 72 73 74 75 76 77 78 79 80 81 82 83 84 85 86 87 88 89 90 91 92 93 94 95 96 97 98 99 100 101 102 103 104 105 106 107 108 109 110 111 112 113 114 115 116 117 118 119 120 121 122 123 124 125 126 127 128 129 130
согласие 1 2 3 4 5 6 7 8 9 10 11 12 13 14 15 16 17 18 19 20 21 22 23 24 25 26 27 28 29 30 31 32 33 34 35 36 37 38 39 40 41 42 43 44 45 46 47 48 49 50 51 52 53 54 55 56 57 58 59 60 61 62 63 64 65 66 67 68 69 70 71 72 73 74 75 76 77 78 79 80 81 82 83 84 85 86 87 88 89 90 91 92 93 94 95 96 97 98 99 100 101 102 103 104 105 106 107 108 109 110 111 112 113 114 115 116 117 118 119 120 121 122 123 124 125 126 127 128 129 130
который 1 2 3 4 5 6 7 8 9 10 11 12 13 14 15 16 17 18 19 20 21 22 23 24 25 26 27 28 29 30 31 32 33 34 35 36 37 38 39 40 41 42 43 44 45 46 47 48 49 50 51 52 53 54 55 56 57 58 59 60 61 62 63 64 65 66 67 68 69 70 71 72 73 74 75 76 77 78 79 80 81 82 83 84 85 86 87 88 89 90 91 92 93 94 95 96 97 98 99 100 101 102 103 104 105 106 107 108 109 110 111 112 113 114 115 116 117 118 119 120 121 122 123 124 125 126 127 128 129 130
мочь 1 2 3 4 5 6 7 8 9 10 11 12 13 14 15 16 17 18 19 20 21 22 23 24 25 26 27 28 29 30 31 32 33 34 35 36 37 38 39 40 41 42 43 44 45 46 47 48 49 50 51 52 53 54 55 56 57 58 59 60 61 62 63 64 65 66 67 68 69 70 71 72 73 74 75 76 77 78 79 80 81 82 83 84 85 86 87 88 89 90 91 92 93 94 95 96 97 98 99 100 101 102 103 104 105 106 107 108 109 110 111 112 113 114 115 116 117 118 119 120 121 122 123 124 125 126 127 128 129 130
обратиться 1 2 3 4 5 6 7 8 9 10 11 12 13 14 15 16 17 18 19 20 21 22 23 24 25 26 27 28 29 30 31 32 33 34 35 36 37 38 39 40 41 42 43 44 45 46 47 48 49 50 51 52 53 54 55 56 57 58 59 60 61 62 63 64 65 66 67 68 69 70 71 72 73 74 75 76 77 78 79 80 81 82 83 84 85 86 87 88 89 90 91 92 93 94 95 96 97 98 99 100 101 102 103 104 105 106 107 108 109 110 111 112 113 114 115 116 117 118 119 120 121 122 123 124 125 126 127 128 129 130
страница 1 2 3 4 5 6 7 8 9 10 11 12 13 14 15 16 17 18 19 20 21 22 23 24 25 26 27 28 29 30 31 32 33 34 35 36 37 38 39 40 41 42 43 44 45 46 47 48 49 50 51 52 53 54 55 56 57 58 59 60 61 62 63 64 65 66 67 68 69 70 71 72 73 74 75 76 77 78 79 80 81 82 83 84 85 86 87 88 89 90 91 92 93 94 95 96 97 98 99 100 101 102 103 104 105 106 107 108 109 110 111 112 113 114 115 116 117 118 119 120 121 122 123 124 125 126 127 128 129 130
ответственность 1 2 3 4 5 6 7 8 9 10 11 12 13 14 15 16 17 18 19 20 21 22 23 24 25 26 27 28 29 30 31 32 33 34 35 36 37 38 39 40 41 42 43 44 45 46 47 48 49 50 51 52 53 54 55 56 57 58 59 60 61 62 63 64 65 66 67 68 69 70 71 72 73 74 75 76 77 78 79 80 81 82 83 84 85 86 87 88 89 90 91 92 93 94 95 96 97 98 99 100 101 102 103 104 105 106 107 108 109 110 111 112 113 114 115 116 117 118 119 120 121 122 123 124 125 126 127 128 129 130
текст 1 2 3 4 5 6 7 8 9 10 11 12 13 14 15 16 17 18 19 20 21 22 23 24 25 26 27 28 29 30 31 32 33 34 35 36 37 38 39 40 41 42 43 44 45 46 47 48 49 50 51 52 53 54 55 56 57 58 59 60 61 62 63 64 65 66 67 68 69 70 71 72 73 74 75 76 77 78 79 80 81 82 83 84 85 86 87 88 89 90 91 92 93 94 95 96 97 98 99 100 101 102 103 104 105 106 107 108 109 110 111 112 113 114 115 116 117 118 119 120 121 122 123 124 125 126 127 128 129 130
нести 1 2 3 4 5 6 7 8 9 10 11 12 13 14 15 16 17 18 19 20 21 22 23 24 25 26 27 28 29 30 31 32 33 34 35 36 37 38 39 40 41 42 43 44 45 46 47 48 49 50 51 52 53 54 55 56 57 58 59 60 61 62 63 64 65 66 67 68 69 70 71 72 73 74 75 76 77 78 79 80 81 82 83 84 85 86 87 88 89 90 91 92 93 94 95 96 97 98 99 100 101 102 103 104 105 106 107 108 109 110 111 112 113 114 115 116 117 118 119 120 121 122 123 124 125 126 127 128 129 130
самостоятельно 1 2 3 4 5 6 7 8 9 10 11 12 13 14 15 16 17 18 19 20 21 22 23 24 25 26 27 28 29 30 31 32 33 34 35 36 37 38 39 40 41 42 43 44 45 46 47 48 49 50 51 52 53 54 55 56 57 58 59 60 61 62 63 64 65 66 67 68 69 70 71 72 73 74 75 76 77 78 79 80 81 82 83 84 85 86 87 88 89 90 91 92 93 94 95 96 97 98 99 100 101 102 103 104 105 106 107 108 109 110 111 112 113 114 115 116 117 118 119 120 121 122 123 124 125 126 127 128 129 130
дать 1 2 3 4 5 6 7 8 9 10 11 12 13 14 15 16 17 18 19 20 21 22 23 24 25 26 27 28 29 30 31 32 33 34 35 36 37 38 39 40 41 42 43 44 45 46 47 48 49 50 51 52 53 54 55 56 57 58 59 60 61 62 63 64 65 66 67 68 69 70 71 72 73 74 75 76 77 78 79 80 81 82 83 84 85 86 87 88 89 90 91 92 93 94 95 96 97 98 99 100 101 102 103 104 105 106 107 108 109 110 111 112 113 114 115 116 117 118 119 120 121 122 123 124 125 126 127 128 129 130
пользователь 1 2 3 4 5 6 7 8 9 10 11 12 13 14 15 16 17 18 19 20 21 22 23 24 25 26 27 28 29 30 31 32 33 34 35 36 37 38 39 40 41 42 43 44 45 46 47 48 49 50 51 52 53 54 55 56 57 58 59 60 61 62 63 64 65 66 67 68 69 70 71 72 73 74 75 76 77 78 79 80 81 82 83 84 85 86 87 88 89 90 91 92 93 94 95 96 97 98 99 100 101 102 103 104 105 106 107 108 109 110 111 112 113 114 115 116 117 118 119 120 121 122 123 124 125 126 127 128 129 130
обрабатываться 1 2 3 4 5 6 7 8 9 10 11 12 13 14 15 16 17 18 19 20 21 22 23 24 25 26 27 28 29 30 31 32 33 34 35 36 37 38 39 40 41 42 43 44 45 46 47 48 49 50 51 52 53 54 55 56 57 58 59 60 61 62 63 64 65 66 67 68 69 70 71 72 73 74 75 76 77 78 79 80 81 82 83 84 85 86 87 88 89 90 91 92 93 94 95 96 97 98 99 100 101 102 103 104 105 106 107 108 109 110 111 112 113 114 115 116 117 118 119 120 121 122 123 124 125 126 127 128 129 130
вы 1 2 3 4 5 6 7 8 9 10 11 12 13 14 15 16 17 18 19 20 21 22 23 24 25 26 27 28 29 30 31 32 33 34 35 36 37 38 39 40 41 42 43 44 45 46 47 48 49 50 51 52 53 54 55 56 57 58 59 60 61 62 63 64 65 66 67 68 69 70 71 72 73 74 75 76 77 78 79 80 81 82 83 84 85 86 87 88 89 90 91 92 93 94 95 96 97 98 99 100 101 102 103 104 105 106 107 108 109 110 111 112 113 114 115 116 117 118 119 120 121 122 123 124 125 126 127 128 129 130
также 1 2 3 4 5 6 7 8 9 10 11 12 13 14 15 16 17 18 19 20 21 22 23 24 25 26 27 28 29 30 31 32 33 34 35 36 37 38 39 40 41 42 43 44 45 46 47 48 49 50 51 52 53 54 55 56 57 58 59 60 61 62 63 64 65 66 67 68 69 70 71 72 73 74 75 76 77 78 79 80 81 82 83 84 85 86 87 88 89 90 91 92 93 94 95 96 97 98 99 100 101 102 103 104 105 106 107 108 109 110 111 112 113 114 115 116 117 118 119 120 121 122 123 124 125 126 127 128 129 130
посмотреть 1 2 3 4 5 6 7 8 9 10 11 12 13 14 15 16 17 18 19 20 21 22 23 24 25 26 27 28 29 30 31 32 33 34 35 36 37 38 39 40 41 42 43 44 45 46 47 48 49 50 51 52 53 54 55 56 57 58 59 60 61 62 63 64 65 66 67 68 69 70 71 72 73 74 75 76 77 78 79 80 81 82 83 84 85 86 87 88 89 90 91 92 93 94 95 96 97 98 99 100 101 102 103 104 105 106 107 108 109 110 111 112 113 114 115 116 117 118 119 120 121 122 123 124 125 126 127 128 129 130
подробный 1 2 3 4 5 6 7 8 9 10 11 12 13 14 15 16 17 18 19 20 21 22 23 24 25 26 27 28 29 30 31 32 33 34 35 36 37 38 39 40 41 42 43 44 45 46 47 48 49 50 51 52 53 54 55 56 57 58 59 60 61 62 63 64 65 66 67 68 69 70 71 72 73 74 75 76 77 78 79 80 81 82 83 84 85 86 87 88 89 90 91 92 93 94 95 96 97 98 99 100 101 102 103 104 105 106 107 108 109 110 111 112 113 114 115 116 117 118 119 120 121 122 123 124 125 126 127 128 129 130
ежедневный 1 2 3 4 5 6 7 8 9 10 11 12 13 14 15 16 17 18 19 20 21 22 23 24 25 26 27 28 29 30 31 32 33 34 35 36 37 38 39 40 41 42 43 44 45 46 47 48 49 50 51 52 53 54 55 56 57 58 59 60 61 62 63 64 65 66 67 68 69 70 71 72 73 74 75 76 77 78 79 80 81 82 83 84 85 86 87 88 89 90 91 92 93 94 95 96 97 98 99 100 101 102 103 104 105 106 107 108 109 110 111 112 113 114 115 116 117 118 119 120 121 122 123 124 125 126 127 128 129 130
аудитория 1 2 3 4 5 6 7 8 9 10 11 12 13 14 15 16 17 18 19 20 21 22 23 24 25 26 27 28 29 30 31 32 33 34 35 36 37 38 39 40 41 42 43 44 45 46 47 48 49 50 51 52 53 54 55 56 57 58 59 60 61 62 63 64 65 66 67 68 69 70 71 72 73 74 75 76 77 78 79 80 81 82 83 84 85 86 87 88 89 90 91 92 93 94 95 96 97 98 99 100 101 102 103 104 105 106 107 108 109 110 111 112 113 114 115 116 117 118 119 120 121 122 123 124 125 126 127 128 129 130
порядок 1 2 3 4 5 6 7 8 9 10 11 12 13 14 15 16 17 18 19 20 21 22 23 24 25 26 27 28 29 30 31 32 33 34 35 36 37 38 39 40 41 42 43 44 45 46 47 48 49 50 51 52 53 54 55 56 57 58 59 60 61 62 63 64 65 66 67 68 69 70 71 72 73 74 75 76 77 78 79 80 81 82 83 84 85 86 87 88 89 90 91 92 93 94 95 96 97 98 99 100 101 102 103 104 105 106 107 108 109 110 111 112 113 114 115 116 117 118 119 120 121 122 123 124 125 126 127 128 129 130
тысяча 1 2 3 4 5 6 7 8 9 10 11 12 13 14 15 16 17 18 19 20 21 22 23 24 25 26 27 28 29 30 31 32 33 34 35 36 37 38 39 40 41 42 43 44 45 46 47 48 49 50 51 52 53 54 55 56 57 58 59 60 61 62 63 64 65 66 67 68 69 70 71 72 73 74 75 76 77 78 79 80 81 82 83 84 85 86 87 88 89 90 91 92 93 94 95 96 97 98 99 100 101 102 103 104 105 106 107 108 109 110 111 112 113 114 115 116 117 118 119 120 121 122 123 124 125 126 127 128 129 130
посетитель 1 2 3 4 5 6 7 8 9 10 11 12 13 14 15 16 17 18 19 20 21 22 23 24 25 26 27 28 29 30 31 32 33 34 35 36 37 38 39 40 41 42 43 44 45 46 47 48 49 50 51 52 53 54 55 56 57 58 59 60 61 62 63 64 65 66 67 68 69 70 71 72 73 74 75 76 77 78 79 80 81 82 83 84 85 86 87 88 89 90 91 92 93 94 95 96 97 98 99 100 101 102 103 104 105 106 107 108 109 110 111 112 113 114 115 116 117 118 119 120 121 122 123 124 125 126 127 128 129 130
общий 1 2 3 4 5 6 7 8 9 10 11 12 13 14 15 16 17 18 19 20 21 22 23 24 25 26 27 28 29 30 31 32 33 34 35 36 37 38 39 40 41 42 43 44 45 46 47 48 49 50 51 52 53 54 55 56 57 58 59 60 61 62 63 64 65 66 67 68 69 70 71 72 73 74 75 76 77 78 79 80 81 82 83 84 85 86 87 88 89 90 91 92 93 94 95 96 97 98 99 100 101 102 103 104 105 106 107 108 109 110 111 112 113 114 115 116 117 118 119 120 121 122 123 124 125 126 127 128 129 130
сумма 1 2 3 4 5 6 7 8 9 10 11 12 13 14 15 16 17 18 19 20 21 22 23 24 25 26 27 28 29 30 31 32 33 34 35 36 37 38 39 40 41 42 43 44 45 46 47 48 49 50 51 52 53 54 55 56 57 58 59 60 61 62 63 64 65 66 67 68 69 70 71 72 73 74 75 76 77 78 79 80 81 82 83 84 85 86 87 88 89 90 91 92 93 94 95 96 97 98 99 100 101 102 103 104 105 106 107 108 109 110 111 112 113 114 115 116 117 118 119 120 121 122 123 124 125 126 127 128 129 130
просматривать 1 2 3 4 5 6 7 8 9 10 11 12 13 14 15 16 17 18 19 20 21 22 23 24 25 26 27 28 29 30 31 32 33 34 35 36 37 38 39 40 41 42 43 44 45 46 47 48 49 50 51 52 53 54 55 56 57 58 59 60 61 62 63 64 65 66 67 68 69 70 71 72 73 74 75 76 77 78 79 80 81 82 83 84 85 86 87 88 89 90 91 92 93 94 95 96 97 98 99 100 101 102 103 104 105 106 107 108 109 110 111 112 113 114 115 116 117 118 119 120 121 122 123 124 125 126 127 128 129 130
два 1 2 3 4 5 6 7 8 9 10 11 12 13 14 15 16 17 18 19 20 21 22 23 24 25 26 27 28 29 30 31 32 33 34 35 36 37 38 39 40 41 42 43 44 45 46 47 48 49 50 51 52 53 54 55 56 57 58 59 60 61 62 63 64 65 66 67 68 69 70 71 72 73 74 75 76 77 78 79 80 81 82 83 84 85 86 87 88 89 90 91 92 93 94 95 96 97 98 99 100 101 102 103 104 105 106 107 108 109 110 111 112 113 114 115 116 117 118 119 120 121 122 123 124 125 126 127 128 129 130
миллион 1 2 3 4 5 6 7 8 9 10 11 12 13 14 15 16 17 18 19 20 21 22 23 24 25 26 27 28 29 30 31 32 33 34 35 36 37 38 39 40 41 42 43 44 45 46 47 48 49 50 51 52 53 54 55 56 57 58 59 60 61 62 63 64 65 66 67 68 69 70 71 72 73 74 75 76 77 78 79 80 81 82 83 84 85 86 87 88 89 90 91 92 93 94 95 96 97 98 99 100 101 102 103 104 105 106 107 108 109 110 111 112 113 114 115 116 117 118 119 120 121 122 123 124 125 126 127 128 129 130
данные 1 2 3 4 5 6 7 8 9 10 11 12 13 14 15 16 17 18 19 20 21 22 23 24 25 26 27 28 29 30 31 32 33 34 35 36 37 38 39 40 41 42 43 44 45 46 47 48 49 50 51 52 53 54 55 56 57 58 59 60 61 62 63 64 65 66 67 68 69 70 71 72 73 74 75 76 77 78 79 80 81 82 83 84 85 86 87 88 89 90 91 92 93 94 95 96 97 98 99 100 101 102 103 104 105 106 107 108 109 110 111 112 113 114 115 116 117 118 119 120 121 122 123 124 125 126 127 128 129 130
счётчик 1 2 3 4 5 6 7 8 9 10 11 12 13 14 15 16 17 18 19 20 21 22 23 24 25 26 27 28 29 30 31 32 33 34 35 36 37 38 39 40 41 42 43 44 45 46 47 48 49 50 51 52 53 54 55 56 57 58 59 60 61 62 63 64 65 66 67 68 69 70 71 72 73 74 75 76 77 78 79 80 81 82 83 84 85 86 87 88 89 90 91 92 93 94 95 96 97 98 99 100 101 102 103 104 105 106 107 108 109 110 111 112 113 114 115 116 117 118 119 120 121 122 123 124 125 126 127 128 129 130
посещаемость 1 2 3 4 5 6 7 8 9 10 11 12 13 14 15 16 17 18 19 20 21 22 23 24 25 26 27 28 29 30 31 32 33 34 35 36 37 38 39 40 41 42 43 44 45 46 47 48 49 50 51 52 53 54 55 56 57 58 59 60 61 62 63 64 65 66 67 68 69 70 71 72 73 74 75 76 77 78 79 80 81 82 83 84 85 86 87 88 89 90 91 92 93 94 95 96 97 98 99 100 101 102 103 104 105 106 107 108 109 110 111 112 113 114 115 116 117 118 119 120 121 122 123 124 125 126 127 128 129 130
расположить 1 2 3 4 5 6 7 8 9 10 11 12 13 14 15 16 17 18 19 20 21 22 23 24 25 26 27 28 29 30 31 32 33 34 35 36 37 38 39 40 41 42 43 44 45 46 47 48 49 50 51 52 53 54 55 56 57 58 59 60 61 62 63 64 65 66 67 68 69 70 71 72 73 74 75 76 77 78 79 80 81 82 83 84 85 86 87 88 89 90 91 92 93 94 95 96 97 98 99 100 101 102 103 104 105 106 107 108 109 110 111 112 113 114 115 116 117 118 119 120 121 122 123 124 125 126 127 128 129 130
справа 1 2 3 4 5 6 7 8 9 10 11 12 13 14 15 16 17 18 19 20 21 22 23 24 25 26 27 28 29 30 31 32 33 34 35 36 37 38 39 40 41 42 43 44 45 46 47 48 49 50 51 52 53 54 55 56 57 58 59 60 61 62 63 64 65 66 67 68 69 70 71 72 73 74 75 76 77 78 79 80 81 82 83 84 85 86 87 88 89 90 91 92 93 94 95 96 97 98 99 100 101 102 103 104 105 106 107 108 109 110 111 112 113 114 115 116 117 118 119 120 121 122 123 124 125 126 127 128 129 130
в 1 2 3 4 5 6 7 8 9 10 11 12 13 14 15 16 17 18 19 20 21 22 23 24 25 26 27 28 29 30 31 32 33 34 35 36 37 38 39 40 41 42 43 44 45 46 47 48 49 50 51 52 53 54 55 56 57 58 59 60 61 62 63 64 65 66 67 68 69 70 71 72 73 74 75 76 77 78 79 80 81 82 83 84 85 86 87 88 89 90 91 92 93 94 95 96 97 98 99 100 101 102 103 104 105 106 107 108 109 110 111 112 113 114 115 116 117 118 119 120 121 122 123 124 125 126 127 128 129 130
каждый 1 2 3 4 5 6 7 8 9 10 11 12 13 14 15 16 17 18 19 20 21 22 23 24 25 26 27 28 29 30 31 32 33 34 35 36 37 38 39 40 41 42 43 44 45 46 47 48 49 50 51 52 53 54 55 56 57 58 59 60 61 62 63 64 65 66 67 68 69 70 71 72 73 74 75 76 77 78 79 80 81 82 83 84 85 86 87 88 89 90 91 92 93 94 95 96 97 98 99 100 101 102 103 104 105 106 107 108 109 110 111 112 113 114 115 116 117 118 119 120 121 122 123 124 125 126 127 128 129 130
граф 1 2 3 4 5 6 7 8 9 10 11 12 13 14 15 16 17 18 19 20 21 22 23 24 25 26 27 28 29 30 31 32 33 34 35 36 37 38 39 40 41 42 43 44 45 46 47 48 49 50 51 52 53 54 55 56 57 58 59 60 61 62 63 64 65 66 67 68 69 70 71 72 73 74 75 76 77 78 79 80 81 82 83 84 85 86 87 88 89 90 91 92 93 94 95 96 97 98 99 100 101 102 103 104 105 106 107 108 109 110 111 112 113 114 115 116 117 118 119 120 121 122 123 124 125 126 127 128 129 130
указать 1 2 3 4 5 6 7 8 9 10 11 12 13 14 15 16 17 18 19 20 21 22 23 24 25 26 27 28 29 30 31 32 33 34 35 36 37 38 39 40 41 42 43 44 45 46 47 48 49 50 51 52 53 54 55 56 57 58 59 60 61 62 63 64 65 66 67 68 69 70 71 72 73 74 75 76 77 78 79 80 81 82 83 84 85 86 87 88 89 90 91 92 93 94 95 96 97 98 99 100 101 102 103 104 105 106 107 108 109 110 111 112 113 114 115 116 117 118 119 120 121 122 123 124 125 126 127 128 129 130
цифра 1 2 3 4 5 6 7 8 9 10 11 12 13 14 15 16 17 18 19 20 21 22 23 24 25 26 27 28 29 30 31 32 33 34 35 36 37 38 39 40 41 42 43 44 45 46 47 48 49 50 51 52 53 54 55 56 57 58 59 60 61 62 63 64 65 66 67 68 69 70 71 72 73 74 75 76 77 78 79 80 81 82 83 84 85 86 87 88 89 90 91 92 93 94 95 96 97 98 99 100 101 102 103 104 105 106 107 108 109 110 111 112 113 114 115 116 117 118 119 120 121 122 123 124 125 126 127 128 129 130
количество 1 2 3 4 5 6 7 8 9 10 11 12 13 14 15 16 17 18 19 20 21 22 23 24 25 26 27 28 29 30 31 32 33 34 35 36 37 38 39 40 41 42 43 44 45 46 47 48 49 50 51 52 53 54 55 56 57 58 59 60 61 62 63 64 65 66 67 68 69 70 71 72 73 74 75 76 77 78 79 80 81 82 83 84 85 86 87 88 89 90 91 92 93 94 95 96 97 98 99 100 101 102 103 104 105 106 107 108 109 110 111 112 113 114 115 116 117 118 119 120 121 122 123 124 125 126 127 128 129 130
просмотр 1 2 3 4 5 6 7 8 9 10 11 12 13 14 15 16 17 18 19 20 21 22 23 24 25 26 27 28 29 30 31 32 33 34 35 36 37 38 39 40 41 42 43 44 45 46 47 48 49 50 51 52 53 54 55 56 57 58 59 60 61 62 63 64 65 66 67 68 69 70 71 72 73 74 75 76 77 78 79 80 81 82 83 84 85 86 87 88 89 90 91 92 93 94 95 96 97 98 99 100 101 102 103 104 105 106 107 108 109 110 111 112 113 114 115 116 117 118 119 120 121 122 123 124 125 126 127 128 129 130
работать 1 2 3 4 5 6 7 8 9 10 11 12 13 14 15 16 17 18 19 20 21 22 23 24 25 26 27 28 29 30 31 32 33 34 35 36 37 38 39 40 41 42 43 44 45 46 47 48 49 50 51 52 53 54 55 56 57 58 59 60 61 62 63 64 65 66 67 68 69 70 71 72 73 74 75 76 77 78 79 80 81 82 83 84 85 86 87 88 89 90 91 92 93 94 95 96 97 98 99 100 101 102 103 104 105 106 107 108 109 110 111 112 113 114 115 116 117 118 119 120 121 122 123 124 125 126 127 128 129 130
эгида 1 2 3 4 5 6 7 8 9 10 11 12 13 14 15 16 17 18 19 20 21 22 23 24 25 26 27 28 29 30 31 32 33 34 35 36 37 38 39 40 41 42 43 44 45 46 47 48 49 50 51 52 53 54 55 56 57 58 59 60 61 62 63 64 65 66 67 68 69 70 71 72 73 74 75 76 77 78 79 80 81 82 83 84 85 86 87 88 89 90 91 92 93 94 95 96 97 98 99 100 101 102 103 104 105 106 107 108 109 110 111 112 113 114 115 116 117 118 119 120 121 122 123 124 125 126 127 128 129 130
я 2 3 6 7 10 11 15 16 17 18 19 20 21 22 23 25 26 27 28 29 30 33 35 38 39 41 42 44 46 47 48 49 53 56 57 58 61 62 63 64 67 68 69 71 73 74 75 76 77 78 79 80 81 82 85 86 88 90 91 93 94 99 101 102 103 104 105 106 107 108 110 113 114 115 116 117 118 119 120 121 122 123 125 126 128 129 130
кухонный 32 2
дым 2 66 36 7 41 107 79 81 58 60
утекать 2
форточка 2 28 93
морской 32 2 109 78 116 85
волна 32 2 106 11 48 85 119 94 58 60 30
превращаться 2 12 74
чёрточка 2
подвергнуть 2
существование 2 61 14
сомнение 33 2 21 24 91
кровавый 2 94
след 2 35 66 67 110 17 58
преступление 2
смотреть 97 2 5 8 73 10 108 15 48 17 51 93 117 119 27 28 29 31
чёрный 64 2 67 101 102 43 77 78 17 81 113 84 90 127 63
окно 32 2 71 8 41 74 103 106 18 19 82 84 114 117 26 62 63
пока 2 36 68 69 14 115 84 91 61
забыться 2 108 127 87
алкоголь 97 2 68 108 114 52 84 57
кипятить 2 68
вода 2 6 75 17 93 119 118 23 89 61 30
чайник 2
пережёвывать 2
это 128 2 6 9 13 14 17 19 21 30 31 32 35 38 46 51 55 60 63 65 67 68 69 71 72 74 75 76 81 84 85 86 87 88 90 93 94 95 99 100 101 102 103 104 107 108 113 115 117 118 119 120 121 125 126 127
слово 2 5 7 19 23 24 41 51 62 65 74 75 79 81 82 86 91 93 95 96 112 113 118 120 127
из 96 2 101 77
рот 96 2 10 75 24 63
вычерпывать 2
нужный 129 2 100 44 113 83 117 125 120 93 30
мысль 97 2 5 90 101 102 110 113 114 83 84 87 56 121 26 28
но 128 129 2 130 19 21 26 30 31 36 46 51 55 62 63 64 65 66 68 69 71 73 74 75 77 78 81 82 84 86 88 89 90 91 94 100 101 102 106 107 109 110 112 114 116 117 118 119 122 126 127
словно 2 3 7 8 11 13 15 17 19 26 41 46 56 58 71 74 81 84 85 89 99 101 103 112 123 125 127
мой 128 2 3 130 10 13 19 21 22 26 27 28 29 32 38 41 42 44 49 52 57 61 63 66 67 68 69 71 73 75 76 79 80 81 82 86 88 90 93 94 99 100 101 104 106 107 110 113 114 117 118 119 120 122 125 126 127
присутствие 2
иметь 2 7 14 114 21 86 125
сакральный 2
смысл 128 97 2 68 69 91
и 128 129 2 130 15 19 20 21 23 25 26 27 31 33 35 36 39 41 42 44 46 48 51 52 55 57 58 61 62 63 64 66 67 68 69 71 73 74 75 77 78 79 81 84 85 86 89 90 91 95 99 101 102 107 108 109 110 112 113 114 115 116 117 118 119 120 121 122 123 124 125 126 127
крайний 56 2
ночь 32 2 6 108 80 49 82 113 20 21 117 56 121 123 63
смывать 2 78
остаток 49 2 110 38
слепить 2
свет 2 5 6 13 32 39 44 47 49 56 58 69 71 76 82 94 96 105 108 110 114
выхлоп 72 2
бензинный 2
двигатель 2
серый 2 38 114
небо 129 2 8 11 27 38 43 46 64 66 69 80 83 89 93 94 99 110 119 122 126
с 2 130 100 69 6 106 112 81 116 91 60
этот 97 2 66 129 69 72 74 80 114 116 30 122 28 62 95
жить 2 130 11 17 25 28 51 54 55 58 65 69 72 76 91 103 105 113 115 119 122 124
прочь 2
никто 128 97 2 35 129 6 107 44 108 124 117 118 28
заметить 128 33 2 76 120 94 63
убаюкать 2
слепой 9 2 55
завтра 32 2 74
возможно 88 2 91 95
неизвестный 2 69 91 123 127
будущее 9 2 11
снова 17 2 123 114
быть 2 8 9 11 18 19 20 29 30 33 43 57 62 63 64 69 75 79 86 89 93 95 101 106 108 114 117 118 119 121 123 125 127
твой 2 5 6 15 17 19 23 26 27 30 32 39 41 46 49 53 54 56 60 61 62 63 64 65 66 69 73 74 81 82 85 89 90 93 95 97 104 110 113 114 118 123 126
кошмар 17 2 71
уродливый 2
чудище 2
свидетельство 2 3 4 5 6 7 8 9 10 11 12 13 14 15 16 17 18 19 20 21 22 23 24 25 26 27 28 29 30 31 32 33 35 36 38 39 41 42 43 44 46 47 48 49 51 52 53 54 55 56 57 58 60 61 62 63 64 65 66 67 68 69 70 71 72 73 74 75 76 77 78 79 80 81 82 83 84 85 86 87 88 89 90 91 93 94 95 96 97 99 100 101 102 103 104 105 106 107 108 109 110 112 113 114 115 116 117 118 119 120 121 122 123 124 125 126 127 128 129 130
рецензия 2 3 4 5 6 7 8 9 10 11 12 13 14 15 16 17 18 19 20 21 22 23 24 25 26 27 28 29 30 31 32 33 35 36 38 39 41 42 43 44 46 47 48 49 51 52 53 54 55 56 57 58 60 61 62 63 64 65 66 67 68 69 70 71 72 73 74 75 76 77 78 79 80 81 82 83 84 85 86 87 88 89 90 91 93 94 95 96 97 99 100 101 102 103 104 105 106 107 108 109 110 112 113 114 115 116 117 118 119 120 121 122 123 124 125 126 127 128 129 130
на 2 130 6 10 15 23 24 35 41 49 52 55 60 62 63 73 81 84 89 90 93 94 112 114 118 119 120 121
написать 2 91 6
отображаться 2 6
последний 33 2 69 6 75 44 108 14 81 19 20 116 56 26 91 30 95
остальной 2 6
весь 3 4 12 14 21 47 55 66 67 69 77 79 83 84 89 95 102 114 115 119 123
жизнь 129 130 3 11 12 15 19 28 36 49 57 58 60 61 62 64 69 76 79 81 93 97 101 108 110 113 116 117 124 125
песок 51 83 3
дырявый 3 85
рука 128 129 130 3 5 7 17 19 21 24 26 27 28 29 30 32 36 41 46 48 52 53 55 56 57 60 61 63 66 68 74 76 77 78 81 82 84 88 90 94 101 102 103 107 113 114 115 116 117 118 119 121 123 124 125
наверно 91 3
существовать 97 3 69 11 19 24 58 29
ты 129 3 4 5 7 8 13 15 20 27 28 30 39 46 49 54 56 57 58 60 61 62 63 64 68 69 77 81 83 85 86 87 89 91 93 94 103 106 112 113 114 117 118 119 121 125 126
вне 3 100 19 117 22 118 24 27
форма 3
вдох 66 3 108 63
выдох 3
единственный 99 115 3 109
явление 3
способный 97 3
настоящий 117 101 3 69
ощущение 105 3 69 53
кислород 3 55
ребро 3
кровенеть 3
брызги 3
наружу 3 79
выходить 66 3
раковина 3
вызвать 3
подавлять 3 76
кровотечение 3
сочувствие 3
процесс 3 69
безголовый 3
устрица 3
статично 3
скрючиться 3
просить 3 10 81 91 126
вернуть 3
повторить 35 3
уничтожить 67 3 100 72 86 94
похоже 3 76 80 51 88
вошь 3
влиять 3
прыгать 3 4
голова 3 71 41 105 76 114 84 53 22 54 24 25 58 120 63 94 57
ползти 3 68 5 22
оставлять 32 3 41 110 114 119 93 62
дыра 3
протыкать 3
нож 48 82 3 30
отчуждённость 27 3 108
повторяемость 3 21
человек 128 129 130 3 9 21 22 26 29 31 35 36 47 54 55 66 67 68 69 72 75 76 77 79 80 83 85 88 89 90 91 97 100 101 102 110 116 119 120 121 122 123 126
заставлять 66 3 85 106
сменить 3
потолок 3 93 5 6
идея 3 52 7
отдалять 27 3 21
забывать 99 3 69 106 48
происходить 3 69
зашить 3 69
нить 35 10 3 69
ибо 81 3
назвать 67 18 3 95
мальчик 4
упрямо 4
давить 120 124 4 126
эмоция 4
массив 4 29
истерично 4
рефлексивный 4
лужа 128 129 4 12 44 63
устать 80 4 84
сила 64 4 69 44 80 115 84 25 122 63
он 128 4 36 70 101 102 51 84 85 115 122 123 95 31
промокнуть 4
простудить 4
людская 67 4 110 80 127
болезнь 4 69 81 116 26 91 93
обойти 4
сторона 49 4 119 63
ведь 130 4 18 21 25 35 42 46 60 62 69 75 81 82 91 101 108 114 117 118
волновать 4
что 128 129 130 4 9 12 14 20 22 23 25 26 31 43 44 48 51 57 63 64 69 71 81 82 84 86 89 90 93 96 101 102 103 105 106 112 114 117 119 120 121 125
потому 4 104 117 126 95
истошно 4
танцевать 82 4 31
издавать 100 4 109 48 119 30
крик 115 4 94 103
упорядочить 4
безумие 4 79 71
слеза 130 4 101 102 9 114 118 123 29 126
проливать 4
осенний 4 126
визг 4 38
молча 4
думать 128 4 77 114 117 54 126 62
истощённо 4
бренный 4
падать 130 99 4 101 81 56 89 90 124 126
вниз 4 29 68
хлябь 4
невыполненный 4 52
мечтание 4
бессильно 4
лежать 130 4 5 58 70 102 15 24 26
целовать 17 114 4 60
асфальт 4 19 54 31 127
плечо 67 4 73 114 53 26 60
вопль 4
нескончаемый 4
один 4 6 26 31 32 41 51 65 66 68 69 76 87 90 91 94 95 113 114 117 119 120 123
только 130 4 101 6 73 14 121 127 93 95
уйти 97 130 4 57 126 28 61 62 31
вечный 26 4
мутный 4
уснуть 4 69 7 72 106 15 117 119
поглощать 4 5 68 51 120
вокруг 129 4 6 11 14 21 25 35 41 52 55 61 65 71 74 82 83 100 104 107 108 117 125 126
тепло 129 4 69 103 73 83 117 118 126
проскрипеть 4
жалобно 4
грустно 4 69 5 73 105 80 63
равно 5 51 21 26 123 124 126 127
весие 5
мы 5 9 14 15 20 23 25 26 32 39 43 56 65 69 74 87 91 95 97 103 112 113 114 118 119
несбыточный 112 5
равновесие 26 5
закалить 5
стекло 5 103 10 108 19
голод 5 7 118 89 57
пятно 35 5
лестница 57 60 5
кровать 67 5 46 113 115 84 53 26 60
голый 93 5 102
фигура 5
наш 5 122 103 8 9 74 43 14 112 49 81 119 117 87 23 24 56
детство 66 5 72 108 60 47 114 28
опьянить 49 5
запах 129 66 5 69 71 42 108 77 113 18 115 52 57 27 61 126
гарь 5
рисовать 89 5
коготь 5
сердце 128 5 19 22 28 36 46 63 74 79 82 93 97 103 106 114 117 126 127
подарить 5
плыть 64 5 11 19 58 63
электричество 5
сонный 5 71
вакуум 5
время 130 99 5 103 73 113 95 26 27 124 30 63
существующий 5
поверить 81 68 5 103
синтезировать 5
чувство 65 66 5 69 105 74 76 79 19 117 55 89 91 31
смеяться 5 105 11 76 15
глаз 128 5 6 9 15 23 24 27 28 30 31 38 41 44 55 56 57 64 68 69 71 72 75 82 94 97 101 102 103 108 114 118 119 125
становиться 69 5 102 114 119 24 25 61
грусть 5 107 48 81 116 119 125 127
переползать 5
страх 26 117 5 62
бежать 5 6 17 87 62 127
исподлобья 5
взгляд 32 5 70 39 102 74 110 81 82 114 84 54 23 89 27 60
выхватывать 5
гармония 5
срисовывать 5
монотонный 125 5
картина 41 5 14
закуривать 5
дешёвый 19 5 126
табак 5
выключать 66 5
комната 99 5 6 72 42 113 82 117 24 124 93
мрак 121 101 117 5
карусель 128 124 5
скрипеть 128 5 70 7
загонять 5
нутро 5
уголок 116 5
больной 65 5 71 80 113 20 88
пялиться 81 5
говорить 6 23 24 28 32 35 36 42 53 58 60 61 69 74 76 77 81 87 91 94 101 102 104 106 112 114 116 118 125
себя 6 113 114 126 63
пол 102 6 7 82 86
стена 6 10 13 16 21 24 26 46 48 52 58 66 68 71 78 84 87 90 100 103 107 113 118 126
дело 38 6 102 9 74 88 58 28
идти 64 129 130 6 71 110 81 52 85 123 28 93
гладко 6
упрашивать 6
её 64 51 35 6
колено 32 6 39 78 110 82 58
пожалуйста 6
поговорить 42 6
молчать 64 100 6 39 104 77 122 28
ясный 36 6
день 101 6 7 41 106 76 49 82 83 113 116 119 23 88 57 126 95 63
тёмный 128 69 6 81 18 61
тень 6 7 41 110 83 84
исчезать 6 41 14 19 24
онлайн 6
терпеть 6 30
по 129 6 103 108 19 57 94
щека 130 6 103 9 73 116 24 121 123 60
дрожь 97 69 6 30
воспоминание 6
покрыть 129 130 6 71
пелена 6
рассказать 78 6
почему 66 6 108 81 116 88 58 28
вполголоса 6
пронзать 96 6 72 13 15 63
тишина 6 39 109 84 24 58 94
вроде 32 6 39
выходной 6
ранний 128 60 6
утро 36 6 118 27 61 63
холод 69 6 103 107 17 85 123
смертельно 6
хотеть 6 22 26 42 44 51 63 66 71 81 88 93 95 100 106 114 119 122 127
домой 113 6
найти 130 6 7 10 11 17 28 41 57 58 64 71 75 77 85 89 99 116 119
другой 128 97 67 6 114 19 121 125
выход 113 6
собака 89 123 6
глубоко 116 103 94 7
недра 7
земля 65 66 36 7 11 78 15 122
настать 7
наступательный 7
фаза 7
фанатично 7
сорвать 101 7
вытекать 114 7
приказ 7
значение 86 7
горланить 7
поверхность 102 7 11 51 55 30
иголка 48 116 7
извиваться 7
стул 7 117 86 90 124 62
расколоть 7
пополам 53 7
ждать 128 126 7 71 44 112 17 116 21 58 91 62 95
красота 97 7 73 76 14
услышать 102 7 19 20 56
взрыв 72 7
прошедшее 7
гора 7 83 84 25 90
змея 58 100 7
затмить 7
задушить 7
сам 67 38 7 72 47 51 117 88 90 93 95 63
чернота 128 7 10 76 116 88
пепел 74 79 30 7
чужой 69 122 7 8 104 108 14 114 51 90 27 61
рудокоп 7
пройти 7 127 80 81 112 114 54 60 63
насквозь 7
скользить 102 71 7 109 121 27 94
вагонетка 7
пытаться 101 102 7 39 41 11 76 13 108 113 51 24 28
перекричать 7
там 7 8 44 119 58 29
измученный 7
пыль 128 7 71 42 12 48 81 84 55 23 122
темнота 58 69 102 7 8 108 79 17 24 56 27 93
за 101 7 41 108 82 20 54 121
черта 113 22 7
нарисовать 56 55 102 7
наступление 7
заглохнуть 7
закончиться 7
бой 91 7
такой 130 8 14 23 46 53 63 66 73 91 95 97 101 112 114 115 117 119 122
какой 8 114 115 117 56 127
помнить 8 14 117 85 26
бог 8 114 83 126
солнце 128 66 69 8 83 119 55 57 123 61
меркнуть 8 41
остывать 8
поэтому 8 93
светить 8
долг 8
или 129 69 71 8 105 110 81 116 117 54 22 120 57 127 93 63
стать 128 129 8 30 43 49 66 69 89 91 97 114 115 117 118 121 122 123 125 126
вспомнить 8 114
тот 130 8 10 26 41 42 46 66 68 74 76 79 80 84 91 100 101 114 115 117
кто 128 97 130 102 8 124 114 115 116 125 54 87 118 28 29 126
проносить 8
мимо 8 9 80 51 54 63
чей 8 118
путь 97 130 8 106 44 13 60 17 81 19 121 28
оставить 128 66 35 67 8 15 79 17 125 58 93 62
клеймо 8
сильно 8 130
любить 130 8 10 11 17 32 33 42 47 58 66 69 74 76 80 86 90 108 114 126
просто 128 66 39 8 71 72 73 44 79 114 93 119 22 118 121 58 29 126
грустный 8 125
печаль 8 81 119
немой 69 102 8 109 46 19 23 90
отражаться 8 61
зеркало 8 28 61
изначально 8
когда 128 68 69 8 49 114 19 116 126
нуждаться 8 25
губа 32 65 69 38 39 8 14 112 49 81 53 85 118 24 26 123 61 30
сделать 69 8 89 29 30 95
гореть 128 65 99 69 8 46 118 23 27 126 127
засыпать 8 9 117 39
оставаться 8 125 69
линия 8 72 96
чистый 8 19
лист 67 8 104 46 17 114 83 84 57 29
закрой 9 15
безучастие 9
проникнуться 9
лживый 9
метаморфоз 9
плюнуть 9 94
мясистый 9
теоретический 9
счастие 96 66 9 74 43 77 119 89 122 91 95
впитывать 9
скажем 9
нигде 9
видеть 129 9 14 28 36 42 51 66 67 69 72 74 87 101 106 108 116 118 124
проходить 9 123
мир 9 12 14 41 47 51 54 55 57 66 72 77 79 81 102 112 114 116 119 120 122 125
превратиться 9 35 12 71
театр 9 74
зритель 9
откинуть 9
кресло 9 106
упасть 64 65 97 9 44 46 49 53 56 91 120 63 31
тело 65 66 69 38 102 9 106 63 19 52 93 114 24 123 28 61 31
голодный 9
аппетит 9
просвистеть 9 108
мелодия 9 61 63
скучный 9 90 61
будто 9 91 60 119
колыбель 9 122
закрывать 9 66 15
рушиться 9
луна 65 71 10 15 84 26
призывать 10
отчаяние 97 10 28 90
грубый 10 90 53 78
спина 69 10 115 54 121 58 125 94
скрывать 10 53 71
опасность 10
бессмысленный 10 101
страдание 100 71 10 82 57
секунда 49 10 60 118
страшно 105 10 116 117 25
открыть 64 130 103 10 51 121 60 125
мертвецки 10
наполнять 102 10 46 82 84 126
звезда 10 28 43 46 55 56 58 62 64 70 81 83 103 108 112 113 122 126 127
искать 130 99 71 10 77 110 17 18 85 87 24 121 27 30
умерщвлять 10
мёртвый 128 66 102 10 82 84 89 122 29 63
месяц 10
страдать 102 72 10 17 51 86
имя 130 39 104 10 76 108 46 51 55 23 24 58
вообще 103 10 114 94 95
прочный 10
возвышаться 10
открывать 96 128 99 10 28
литься 10 19
вино 65 10 48 19 84
статуя 10
бессмертный 10
максимализм 10
балкон 10 84 15
врать 10 53 31
лупа 10
искажать 10
призма 10 110
не 129 10 14 15 19 20 22 25 26 28 33 42 46 48 49 51 56 57 58 60 62 66 69 75 76 79 81 90 91 93 99 101 105 108 110 114 115 116 117 121 125 126
оборачиваться 10
издать 10
звук 129 66 100 122 10 109 110 15 19 56 26 61 30
перенос 11
рыба 83 11
сожрать 11
воздух 105 11 17 57 93 63
либо 38 11 117 56 25
умереть 69 70 71 102 106 11 75 49 81 86 118 88 91 29
цвета 11
поздно 11 52
перевернуть 24 25 11
океан 65 99 42 11 109 112 51 125 119 90 60 93 63
старательно 11
чистить 11 101
ботинок 11
ускориться 11
молчание 24 11 100 109
грязно 11
выбрасывать 11
слезинка 11
бесконечный 89 41 82 11
аллергия 11
поздний 11 87
этап 11
лицо 130 101 11 44 76 60 123 48 114 19 84 116 117 119 91 28
облако 66 35 11 15 81 85 89
корабль 128 11 109 78 83 117
ресница 27 11 15
сказать 66 69 71 11 81 114 117 126 95
вероятно 11
накаркать 11
обычно 90 11
любовь 11 15 19 20 24 33 41 43 47 57 62 66 68 69 73 81 83 87 89 93 102 114 117 118 119 126
сжирать 11 39
переносить 11
забыть 65 66 99 36 69 130 72 74 11 109 14 46 47 18 119 117 23 91
четырехперечислить 11
стихия 11
проснуться 11 109 15 16 87
встреча 11 60
зима 67 38 11 17 23 26
бесконечность 48 64 11
эйфория 11
акула 11 94
срезать 11
море 32 97 73 11 14 78 51 83 90 125
коварный 11
обмануть 32 51 11
глотка 97 11
покой 11
таять 12
безмятежно 12
медленно 12 126 15
мокрый 130 12
лёд 128 106 12 63 127
скоро 12 54
согревать 130 12
холодное 102 12 49 19 123
душа 128 130 12 19 44 47 71 73 79 80 88 89 93 97 99 101 103 112 114 120 125 126 127
приковать 13
приглушить 13
шаг 35 13 112 60 29
синтетически 13
избежать 119 13 87 63
жадный 13
исход 36 13 14
лишить 13
навсегда 43 108 13 15 23 27
деструктивный 13
невпопад 13
нервно 13 38
тыкаться 13
безумный 112 13
вандал 13
уничтожать 36 100 104 13 82 114 90 61 31
построить 32 43 13 119 122 30
сюрреал 13
говорящий 61 13
гудеть 13
эхо 13
пытка 13
приговорить 13
причина 117 66 19 13
удлинённый 13
трубопровод 13
остриё 96 27 68 13
пробить 74 13 54
паутина 64 41 13 78
застрять 13
валиться 13
вместе 106 75 13 46
кухня 84 13
посуда 13
мытый 13
вдребезги 13
разбиваться 13
сухой 13 38
керамика 13
память 130 13
горько 62 13 46
мычать 88 13 30
берег 71 41 73 43 13 118 126 125 30
бас 13
сжимать 101 13
ладонь 64 13 51 19 118 24 121
возвращаться 113 13
постоянно 90 102 42 106 44 13 58 30
назад 44 13 119
как 128 13 29 30 33 43 44 48 53 58 64 65 75 76 79 81 84 85 89 90 93 95 96 99 109 112 114 115 117 124 126
лампа 13 78 23
накал 13
бесхребетный 13
возвращать 13
белый 67 41 76 13 82 19 61 126
бумага 24 43 13
сгореть 119 13 15
поочерёдно 14
птица 89 38 14 84 116 25 126
скука 88 20 14 23
дождь 101 71 14 81 114 21 62
отражать 94 102 14
местность 14 55
знать 14 21 23 29 42 62 66 72 81 87 88 91 95 103 112 114 115 116 117
наизусть 14
столица 91 14
неизвестность 62 14
растворяться 43 14
маска 101 14
строить 110 14 87
внутри 130 67 69 14 110 48 18 114 117 118 119 63
бетонный 35 101 71 107 14 78 48 110 112 84 87 60
крепость 102 14 30
сдирать 14
краска 101 14
смешивать 14
бокал 14
хоть 14 119
исчезнуть 69 39 108 14 117 94
значит 94 14 121
бояться 58 90 38 42 107 14 15 46 82 114 20 26 60 61
правда 75 44 14 114 119 53 21 117 126 95
навязчивый 14
куба 14
разрушать 88 93 14
ландшафт 91 14
капля 71 14 21 126 62
соль 114 14
потушить 116 14
искра 99 14
позволить 97 14
подвергать 14
риск 14
сон 69 108 15 17 83 84 27 94
красочно 15
прекрасный 65 99 15 117 123 125 63
подвесить 15
размытый 15
холм 15
достать 58 60 15
сигарета 97 67 36 68 71 15 113 56 58 124
курить 36 68 15 48 49 22 88
стоить 97 122 74 15 113 114 84 116 23 58
подмигивать 15
точно 86 74 46 15
колесница 15
обращать 15
пух 15
спорить 94 15
огонь 64 15 17 118 127
произнести 69 38 15
вслух 15
вдвоём 73 26 15
прокричать 15
пустота 64 43 123 46 15 48 80 116 117 119 89 58 27 93 126
признаться 69 15
темно 15
надо 123 38 15
ласточка 15
забытьё 15
ангел 15
обещать 93 15
разглядеть 60 63 15
увидеть 130 15 62 53 94 23 56 57 119 60 29 30 127
пылать 35 103 39 15 112
огонёк 15
спираль 80 124 15
а 130 15 19 21 30 31 42 43 46 48 52 57 61 63 64 69 70 78 79 81 91 93 95 99 100 105 108 112 114 115 117 119 120 122 124 125 127
едва 64 109 15
сберечь 15
поджечь 15
давать 106 91 15
поджигать 20 15
перманентно 16
прилипнуть 16 88 64
двинуться 16
шелохнуться 16
приходить 16 27 39
посмеяться 16 76 95
к 89 66 106 16 82 85 119 57 63
смех 16 35
помогать 16
пред 17 114 108 61
провал 17 69
цветок 65 72 17 55 63
пахнуть 65 97 104 17 114 115 120
поле 73 42 112 17 82 81 85
мало 128 112 17 51 22
жадно 17 27 79
глотать 17
холодный 130 68 102 72 17 82 83 117 118 55 125 30
чудовищно 17
далеко 17 103
конец 32 64 106 17 51 23 56 26
разделять 17 113
разрисовать 17
менять 17 51 118
место 130 67 71 108 47 17 49 116 127 95
слог 17 69
повторять 35 39 108 46 17 20
блю 17
лю 17
умирать 17 82 61 116 21 89 58 29 30
кашлять 17 68
пыльный 48 17
дорога 67 17 113 54 125
вспоминать 17
казанский 32 17 31
ежедневно 17
лунный 17 82 108 90
шар 120 17 107 20
фон 17 63
потерять 69 104 75 18 87 26
поручень 18
автобус 103 77 80 18 19 52 27
запутаться 18 93
никак 130 106 18 119 31 95
иначе 18 69 114
охрипнуть 18 117
дотронуться 18
голос 66 76 18 19 114 117 126
проезд 18
безмолвно 18
оплатить 18 36
сесть 18 117 95
угол 99 35 68 18 114 121 26 124
треугольник 18 19
утонуть 18 116 23 62 57 94
мимолётный 18
забытый 66 130 69 103 72 104 18 52 119 89 60
делать 66 36 101 18 19 95
больно 105 79 18 85 124
проехать 18
улица 128 130 35 104 110 79 18 84 85 57 26 123 95 31
маршрут 18 19
цвет 65 41 44 18 115
билет 97 18 117 62
вредный 18
мешать 18
детски 18 66
плакать 101 49 18 51 21 119 62 125 30
палец 67 69 19 84 22 24 123 30
резать 82 19
содрать 19
полотно 24 19 29
слышать 128 39 109 115 19 119 91 124
супротив 19
запихивать 19
мчаться 124 19 28
сочиться 19 78
грудь 97 69 19 52 119 123 126
дом 102 71 103 43 107 108 48 112 19 84 116 119 120
магазин 19 84 118
успокоить 19
вновь 27 64 19 109
прибить 19
тридцать 19 95
панихида 19
разорвать 74 19 20 102
куда 19 28 127
уместить 19
погаснуть 41 19 117 118 56 123
прищур 19
горечь 122 19 117 126
пойло 19
без 19 116 126
объяснение 19
кататься 19
проникнуть 19
привыкнуть 72 19
стук 19
ответ 80 123 90 19
дрянь 19
родить 19
зачем 123 19
каков 19 21 71
водитель 83 19
выпустить 19
накрыть 19 108 95
лавина 19
труп 97 19 86 121 30
скользящий 19
двигаться 19
распад 19
дышать 79 48 47 115 19 116 123
ладан 19
слишком 130 78 113 19 53 120 61 126
далее 19
далёкий 32 65 103 44 113 19 58
приговор 81 19
наплевать 19 21
жемчуг 20
убить 64 66 69 105 20 126 93 62
диван 20
полностью 123 20 118
вовсе 66 20
получить 20 101
десяток 20
ран 20 78
ломаться 20
кость 128 97 76 44 20 116 90 30
цех 20
изобилие 20
приносить 20
веселие 20
лишь 128 20 25 32 38 43 48 51 52 60 61 62 63 66 71 74 76 77 79 82 86 88 90 91 95 97 99 100 109 113 114 117 119 123
святой 114 20
келья 20
от 129 90 77 113 114 20 119 26
тоска 32 48 20 125 63
потеряться 20
кровь 68 71 105 109 78 82 83 20
мебельный 20
монстр 48 20
дряхлый 20
мост 58 20 114
обозлить 20
соорудить 20
спасительный 25 20
остров 48 43 20
маяк 114 20
дар 20
между 110 20 60
спокойный 117 20 21
предсмертный 20
жар 120 20
кричать 65 129 68 102 104 115 20 116 54 117 89 60 125
стоящий 20 118
клок 96 20
сидеть 39 71 73 80 49 21 54 62 95
средь 128 71 82 21 23
весенний 21 63
замечать 110 51 21 87 26
покончить 21
одинокий 101 69 48 113 84 21
отрицать 21
прохлада 21
душить 113 51 21 23
оголить 21
считать 124 21 94 71
важный 91 21 126 47
потуга 21
однобокость 21
перемена 100 107 113 21 125
событие 31 110 48 116 21 120 28 95
горло 36 80 21 62 126
любимый 66 105 79 114 21 118
правильность 21
смехотворно 21
стрела 58 21
определённый 21
дальность 21
машина 101 108 21 27 94 31
рядом 70 114 85 21 118 25 94
скучно 57 21
скулить 82 21 26 30 127
мера 90 21
значить 21
громко 36 76 49 22 61
вонь 120 115 22 71
понимать 129 48 51 22 57 58 91 127 95
мышеловка 22 103
повернуть 22
лень 123 22
почти 22
спать 64 65 130 75 113 115 84 22
одеяло 46 51 22
ни 130 48 81 22 119
нервность 23
отчаянный 23
пеcнить 23
бездумно 23
тон 23
водолаз 23
попасться 23
рыбачий 23
мотив 97 23
иссякнуть 23
давно 128 97 104 44 23
задыхаться 81 97 23
нескучно 23
кино 23
убежать 23
беззвучно 23
старый 130 103 117 23 91 60 95
стол 71 48 119 53 86 23 120 26 30 95
царапать 66 23
находиться 24 94 23
возвышать 23
богиня 23
невидимый 23
неощутимый 23
рыбак 23
тянуть 97 44 23
ребёнок 72 44 47 48 83 115 117 23 120 123
запомнить 57 67 119 23
где 128 35 77 47 23 89 90 91 62
прокурить 24
складываться 24
поцелуй 24 51 43 99
так 103 106 48 24 57 60
зевать 24 84
наполняться 24 108
влага 24 61
шептать 24 89 32
новый 130 36 112 83 24 91 125 95
желание 66 90 24 56 91 126
врастать 24
пласт 24
язык 66 99 116 24 91 30
краснеть 24
прикосновение 24 56 39
казаться 32 101 108 112 114 51 24
отчаянно 24
сложить 24
книга 24
утрамбовать 24
отдаваться 24
деепричастие 24
вид 24 41 102
буква 24
перестать 68 106 24 28 126
сложиться 24
предложение 24 32 90
видный 24 117
знакомить 24
взаимно 24
сыграть 24 68 78
роль 24
прийти 24 113 130
заполнять 25
недостойный 25
единица 25 54
пик 25
похожий 38 114 117 94 25 122 27 30
авангард 25 94
ощущать 33 69 102 105 42 48 25 26 27
неверно 25 61
прерывать 25 90
конкретный 25
момент 81 25 49
прогонять 25
туча 89 130 73 49 119 25
скверный 25 86
часть 69 104 74 77 25 126
природа 25 67
верить 130 101 51 25 126
сдвинуть 25
летать 112 25 119
клин 25 38
паника 26
отрезок 41 26 43
временной 26
мерзко 49 26
скользко 26
четыре 97 26 125 74
порождать 26
вагон 26 115 31
под 69 103 110 117 26
глухой 26 83
полудрёма 26
ненависть 67 90 84 26 125
обнимать 97 26 86
удав 26
сладко 26 107
сегодня 66 67 108 46 117 86 57 26 126
спасть 26
факт 81 26
наступить 49 26 95
панический 26
ритм 120 26
акт 26
зафиксировать 26
снег 129 38 103 26 123 29 127
скулила 26
самый 97 130 69 101 73 76 81 51 116 117 118 26 91 126
несчастливый 26 114
влюбить 112 26 110
прятать 121 26 101
заслать 26
выйти 80 26 108 118
зимний 26 94
лекарство 96 26
суицид 26
пьянство 26
вес 26
контролировать 26
речь 26
незнакомка 27
волос 89 49 27 61
остановка 116 27 52
трепет 114 27 100
волнение 27
завязываться 27
узел 27
верёвка 117 27 53
самолёт 51 27
кружиться 107 82 27
вселенная 112 126 27 110
хмурый 27
болотный 27
сбивать 27 28
толк 97 27 28
узнавать 27
сумка 27
дуть 48 81 27 118
двухстволк 27 102
ночной 27 71
вонзаться 27 31
копьё 27
ядро 27
прохладно 27
оглушить 27
изучать 27 55
цель 99 49 27
искушать 27
спица 27
кондуктор 27
менестрель 27
зажигаться 32 27
порог 27
постель 99 27 109
никогда 91 27
желать 27 63
приятный 27 36 95
слушать 28
возиться 28
жалеть 28 62
душный 28 53
надвигаться 28
параллель 74 67 28
каскад 28
трамвайный 28
рельс 28
уметь 116 28 126
поскольку 28
учить 28
потеплеть 28
интересоваться 28
осколок 28
прямо 112 28 117 76
терция 28
запутать 28
итак 28
непонимающий 28
понять 60 82 86 88 57 28
нечего 28 71
терять 75 28
способ 28
разбудить 75 28
дерево 33 113 83 84 29
рухнуть 123 29
овраг 29
тихий 116 29 94
лес 69 42 81 116 54 29
наугад 29
упад 49 29
потом 29
укрыть 29
смердеть 29
совершить 29 70
побег 29
суета 29
брехня 29
внутренний 29
накрывать 29
почувствовать 29 119
друг 68 39 76 125 87 89 91 29 94
поперёк 29
поломать 74 29
берёза 29
враг 107 29
неведомый 120 29
выпить 88 29 46
дно 89 90 29 102
сколько 116 29 95 71
засохлый 29
река 125 29 71 55
меж 81 58 29
задеть 129 114 30 119
промолчать 73 68 30
расплываться 30
теперь 114 30
почёт 30
игра 72 30
двигать 35 36 30
шевелить 30
окружить 76 30
круг 106 30
остановить 110 30
ставить 62 114 30
впритык 30
железный 30
дева 30
являться 122 30
близкий 46 76 30
подруга 129 30
прыгнуть 30
письмо 110 30
угрюмо 30
тыкнуть 30
пусть 66 35 41 74 107 44 123 118 91 125 30 63
бессмысленно 30
главное 33 69 30
ощутить 30 103
после 90 51 101 30
кожный 30
покров 30
пропускать 30
изображать 30
танец 72 82 30 106
отомстить 30
брать 30
кинжал 62 30
разрезать 38 48 53 30 31
секира 30
разжигать 30
пламя 46 126 30 119
превращать 57 30
единожды 30
героиня 30
шекспир 30
веронский 30
склеп 30
лезвие 56 96 31
чудо 31
совершиться 31
предсказать 31
обернуться 93 31
падение 51 76 110 31
связать 31
грязный 112 57 121 31
вшивый 31
червивый 31
умоляющий 31
проезжать 115 31
пил 31
нога 32 129 99 102 76 109 49 81 83 55 122 91 127 125 95 31
вальс 31
перекрёсток 116 31
вмиг 31
поглотить 69 85 53 87 118 31
холодно 128 97 93 31
ходить 69 103 109 81 117 31
обносок 31
греть 128 130 69 73 117 85 118 31
светило 31
мертво 31
узкий 31
тоннель 31
шагать 120 44 68 31
метро 115 109 31
почва 129 100 48 123 31
муравей 32 41 120
суетливый 32
дворец 32
многое 32
серьга 32 43
блестеть 32
туманный 32 89 85 110
барнаул 32
пачка 32
скорый 32
гибель 32
бегать 32 118
персонаж 32
библия 32
щекотно 32
сквозить 32 67
турист 32
хватить 32 114 125 118
подоконник 32
завывать 32
мельничный 32
музыка 32 105 68
держаться 32
держать 32 117 119 57 126
выдержать 32 87
понедельник 32
проговаривать 32 69
зуб 32 36 43 53 54
дверь 32 60 103
глазок 32 117
фиолетовый 32
отражение 32 61
переползти 32
остановиться 32 97 108 125
пожалуй 32
ночью 32 129 130 72 106 78 57 60
сумасшествие 33
сосна 33
они 65 33 66 70 105 110 82 122 61
изменчивый 33
ив 33
у 33 115 53 63
коса 33
точка 33 91 125
вечно 88 33
изрубить 33
маяковск 33
задавать 81 33
вопрос 81 33 83 69
о 33 102 39 46 47 116 89
отныне 33
глубина 128 33 130 69 114
предатель 33
похмелие 33
пятница 33
острый 33 68 38 72 56
чемодан 33 130
помеха 33
путешествие 33
малодушие 33
улыбаться 123 35 117
попробовать 35 110
поймать 35
темп 35
пора 64 35
поменять 35
ровный 35
смертельный 81 90 35 127
бег 35
искусственный 115 35 101
жест 35
спешить 48 35 101
улыбка 130 35 113 120 57
дьявольски 35
порвать 75 35 79
вперёд 112 35
камень 128 99 35 74 58 126
обрушиться 35
придумать 99 35
трава 35
слабый 97 114 35
враньё 35
ложь 35 101 48 51 54 87
вырваться 35
лапа 35
останавливаться 35
заморозить 121 35
мгновение 35 118
среди 89 73 35 102
губительно 36
трудно 108 114 36
закон 36
таков 36
понятный 36
просыпаться 36 84 39
наступать 36
бросать 36 78 47 93 53 90 61
чтобы 129 66 36 69 73 43 75 81 119 57 122 127
сбить 36
кегля 36
касса 36
травиться 36
убивать 36 104 82 114 53 93
город 67 36 68 101 71 105 74 106 113 118 119 57 90
сквозь 64 130 36 39 82
попадать 120 36 61
человечий 36
горький 74 36
жизнеспособный 36
простой 66 51 36 63
удобный 36
претить 36
рост 36
шум 102 38 48 118 57
испугаться 84 38
острота 38
лететь 38 84 117 119 89 124
поднять 38
вверх 38
одичалый 38
трамвай 38
полёт 113 117 38
проконтролировать 38
регулировщик 38
спасти 38
отрезвлять 38
сжигать 90 43 38 119
листва 70 109 38
состоять 126 38
синтетик 39
комод 99 39
сообщение 81 57 95 39
глупый 102 39 108 110 81 90
заменитель 39
разговаривать 39
погода 67 39
вкусный 39
еда 130 39
родитель 120 42 39
разглядывать 39
иконка 39
указатель 39
мышь 39
долго 130 101 39
направлять 39
смущаться 39
бедро 76 39
прорываться 39
стон 39 74 76 84 119
повторяться 39
гаснуть 39
измениться 39
сотовый 39
будить 66 116 39
осознать 39
сниться 39
мантра 39
взять 41 124 118 39
малахит 41
браслет 41
неопределённый 41
черно 41
шатать 41
бросить 41 44 116 117 125
успех 41
теряться 41
худощавый 41
разврат 41
бесконечно 41
гулять 41 103
кипеть 89 41
ад 41
яд 100 41 74 114 127
промелькнуть 41
гроза 81 41 79
эликсир 41 114
панацея 41
вылечить 80 41
отчуждать 41
редеть 41
если 104 41 123 76 52 85 118 121 90 91 93 62
хаос 41
кулак 41 63
запутываться 41
птичь 42
высота 42
хороший 130 68 104 42 108 81 114 83 87 57
мечтать 42 74 112 81 62
вусмерть 42
пьяный 42 74 108 113 115 57 122
здесь 42
очень 130 100 69 42 44 112 84 126 63
дорого 42
давление 42
люстра 42 93
плюс 42
ограничить 42
гордиться 42
шторм 42
предупреждать 42
безразличный 42
вина 42
раствориться 43
изменить 43
состав 43
отдельный 43
галактический 43
видно 130 43
посылать 43
почта 48 43 125
повидло 43
надеть 43
принести 130 43
дантист 43
работа 67 43
деньга 91 43
молочный 43 126
разлиться 43
десна 43
соединять 43
взрослый 114 43 69
выжать 44
тряпка 44
внизу 44
сходиться 44
вязкий 44
движение 44 61
туда 56 113 44
ныть 44 54 84
плачущий 44
купить 91 44
рюкзак 44
собранный 44
торопиться 108 110 44 70
успеть 44
осень 44 68
жёлтый 44 87
охранник 44
солгать 44
нужно 66 69 101 105 44 79 112 114 83 119 121 123 95
мечта 99 69 103 44 119 89 62
надежда 130 44 81 56 57 95
рукав 44
плести 44
большой 83 44 125
клетка 120 75 44
зоопарк 44
лебедь 78 46
сухость 65 46
усталый 56 46
пространство 104 102 46
питер 46
брук 46
недостижимый 46
постоянство 46
король 46
пешка 46
водоворот 106 46
родиться 75 46
осип 46
звать 60 46
слежка 46
жениться 46
влажность 46
отдать 46
вероятность 46
маленький 46 79 125 119 123 93 126
шорох 46
чушь 46
стакан 108 46 119
одновременно 46
чуждый 46
редактор 46
подчеркнуть 46
урна 46
эрато 46
пурпурный 46
погибнуть 91 46
песня 110 91 61 46
короткий 57 47
тяжело 108 126 47
планета 69 76 47 83 122 61
неважно 114 47
позабыть 47
человеческий 89 90 71 47
оправдание 47
находить 47
писать 48 91 118
уныние 48
обречённость 48
влюблённость 48
скучность 48
полка 48 123
клубок 48 116
воткнуть 48
стебель 48
итог 69 101 48 113 51 88 89
размышление 48
подобно 64 107 78 48 61 93
поток 48
касаться 48 85
край 48 116 69
много 48
окурок 48 84
собираться 48
биться 48
переменный 48
стучаться 48
тащить 48
висок 48 81
вкус 48 110
напиваться 48
красный 48 103
солнечный 49 130
задавить 49
ожидать 81 49 62 113
случай 49
смочь 101 69 103 106 49 62
передвинуть 49
сидение 49
греметь 49 78 95
локоть 49 52
стоять 49 130 123 71
устало 65 49
облокотиться 49
твёрдый 49
опора 49
худеть 49 60
крыша 112 49 118 103
наблюдать 49
вправду 104 49 68 95
жкх 49
разгрести 49
снеговой 49
куча 49 67
ветер 128 130 73 74 107 109 49 118
таскать 49
стая 49 126 94
орать 49 94
ворона 49
пристрелить 49
совместный 49
цепь 56 49
потечь 49
сразу 49
замёрзлый 49
струя 49
прикоснуться 49
вдруг 49
соединиться 49
настолько 49
близко 49
двоиться 49
снежинка 49
показаться 49 94
стонать 49 84
заржаветь 49
встать 49 71
подтолкнуть 49
бушевать 49
направить 49
пара 49 118 57
окровавленный 49
невлюблённый 49
дождаться 49
препарат 51
эмоциональный 51
обман 51 54
пустой 96 97 99 101 76 79 81 113 51 114 85 89 122 123 93 62 95
заново 99 51
голубой 51
шутка 51
судить 51
просыпать 51
даже 117 51 85
очевидный 51
крест 51
кладбищенский 51
диспетчер 51
винить 73 51
боль 96 97 67 126 101 71 106 114 51 116 85 117 118 90 125 62 63
сопля 51
попытка 51 76
оправдать 51 117
сущность 72 51 94
лично 122 51
пустословие 51
сломать 51 76
отмычка 51
замок 51 54
тайный 51
непостижимый 51
унести 51 63
попытаться 51
влезть 51
шкура 51
жизненный 51
перипетия 51
достигнуть 51
одиноко 130 51 84 93
шхуна 51
неминуемый 51
вливать 51
литий 83 51
занудность 52
квартира 64 102 72 114 115 52 117 91
зависимость 108 52
презерватив 52
мавзолей 52
грязь 128 68 106 77 78 84 52 87 123
сорок 80 52
семь 82 52
пусто 102 73 105 52 117
трактир 114 52
бар 52
коктейль 52
разный 52 54
сотня 52 117 126 76
конечность 88 52 110
срывать 67 115 53 125 126
одежда 67 53
кожа 82 109 69 53
помада 113 53
над 65 53
коршун 53
оскаливать 53
белые 57 53
одноместный 53
двое 108 114 69 53
неловкость 53
пятка 53 95
поить 53
петь 53 118
соловей 53
задаток 53
пена 53
зрачок 53
калечить 53
карта 113 114 53
цепляться 57 53
идеал 53 62
издёвка 53
рубить 54
озябнуть 54
лесоруб 54
вышагивать 54
рамка 54
выбить 54
хрустальный 54
полчище 54
франшиза 54
паблик 101 54
даун 54
мол 68 54
брат 54
жизз 54
удариться 54
опустить 54
бошка 54
биомусор 54
рада 69 54
точить 54
лясы 54
некого 54
спрятаться 56 130 54
падик 54
сыпь 114 55
образ 102 84 55 126 127
поклоняться 55
отрезать 91 76 55
обретать 55
пустыня 81 55
пустынь 55
равнозначный 55
песчаный 125 118 55
обозначить 55
тугой 110 55
теребить 110 55
часы 55
вечер 56 97
загадать 56
шёпотом 56
проговорить 56
сбыться 56
оно 56 66 91 76
провести 56 95
хлопья 56
белоснежный 56
затяг 56
пауза 56
отползти 56
неразговор 56
шёпот 56 102
раздельно 56
кривой 56 84
портрет 56
разбор 56
править 56 90 88
ловко 56
побежать 56
она 69 60 114 56 120
кануть 57
бездна 57 116 78
впервые 57
остылый 57
влачиться 57
нетрезвый 57
жёлчный 57
уныло 57
подъезд 57 95
ровесница 57
сверлить 57
домыслить 57
роптать 57
вено 57 103
лёгкий 121 105 76 112 81 113 57
бедный 57
отголосок 57
натянутый 57
кнут 57
возбуждать 57
врачебный 57
ошибка 66 69 70 106 120 57 124
оторвать 57 116
перила 57
украсть 57 60
мама 57 60
увезти 57
совершенно 57 122 118 63
дяденька 57
смешной 57
шапка 57
крепкий 57 93 97 119
хотя 89 69 117 88 57
минута 57 119 126 71
надышаться 57
скрываться 58
степь 58
ненавидеть 76 82 87 58 125
теплота 58 69
диванный 58
парфюм 58
взаперти 58
лгать 120 58
худой 121 58 82
тьма 96 128 75 84 118 58 91
чужое 58
отчество 104 58
одиночество 104 58
сто 60 117
трещина 60
стареть 60 117
женщина 67 60
мать 64 60
пакет 60
помочь 69 74 87 121 60
потухать 60
должный 78 84 87 121 91 60
ключ 60
проводить 60
обнять 60
старость 64 60
сократить 60
лифт 60
плита 60
рай 120 60
морщина 60 76
лишний 60
ранить 129 66 60
тянуться 124 60 126 119
труба 66 60 78
выхлопной 60
машинный 60
положить 60 87
жадничать 60
мороженое 60
скупиться 60
лопасть 61
губительный 61
унизительно 61
пленник 61
бездонный 89 61
капать 61
копоть 61 126
туловище 88 61
облетелый 61
вернуться 71 61 84 125 119 93
праздник 112 61
нота 61
сияние 61
молчаливый 61
поезд 62
проглотить 62
позади 62
впереди 62
молиться 62
догнать 62
упрёк 121 62
чем 81 83 117 90 62
глупость 62
дорожить 69 62
коридор 62
осадка 62
удержать 62
да 104 109 119 62 95
финал 62
выжимать 101 62
айсберг 63
ничего 105 130 63
ответить 94 63
сердечный 63
обронить 63
никакой 122 63
разница 63
противоположный 63
шахматы 63
распахнуть 63
луч 128 89 85 63
надеяться 102 63
оказаться 128 127 117 63
шелест 63
наигрывать 63
подобие 63
преклонять 63
шея 67 69 107 63 118 124 93 95
течение 63
закричать 63
хватать 68 63
гнусный 90 101 63
зуд 63
создавать 122 99 63
разве 63
плохо 85 63
сравнение 63
громада 63
остаться 64 66 69 73 105 75 79 85 117 118 122 123 63
незаметный 63
мнимый 63
ледяной 130 118 63
направляться 112 63
можно 63
разделить 63
поровну 63
фермер 63
стог 63
сено 103 63
катиться 63
бочка 63
диоген 63
фосген 63
плен 88 63
стучать 63
завязать 63
скорее 72 120 63
случайно 87 63
опухнуть 63
блёклый 64
тяготеть 64
тина 64 78
заметно 64
закрыть 64 130 69 114 117 118 93
усталость 64 105 82 85
иллюзорный 64 97 76
долина 64
отец 64
нет 64 128 126 71
качнуться 64
вправо 64
циклоп 64
мужчина 64 76 126
год 64 130 103 112 114 115 117 87 122 126 95
ослепнуть 64 69 87
крикнуть 64
обвалиться 64
фундамент 64 90
убитый 64 77
уже 64 117 70
облысеть 64
заплакать 64
полоса 64
навечно 64
живой 64 66 130 119 118 86 122
сжать 64 121 124
вишня 65
серость 65
алчность 65
предавать 65
талия 65
страсть 65 99
сквер 65
повсюду 72 65
опиум 65
расстояние 65
ноющий 65 84
струна 65
безумство 65 102
преграда 65 110
сгусток 66
украшать 66
радовать 105 66
отправлять 66
открытка 66
безответно 66
слепо 66 110
прощать 66
любой 66 91
утром 66 130 106 86 119
дабы 129 121 66 91
чувствовать 66 101 79 81 114 117
перо 66 116
личный 112 66 67
освенцим 66
тюрьма 128 66 126
неделя 66 103 95
крематорий 66
служить 66 114
музей 66
зевака 66
для 120 73 66 101
польский 66
гость 128 66
полный 66 69 95 71
травить 66 76
запускать 66
ядовитый 66 123 79
технический 66
жидкость 66
вена 96 66
губить 66 93 114 95
творить 66 102
гнить 66
дух 66 68
называть 66 81 114 120 125 95
оружие 66
сосед 66
подчиняться 66
фонарь 113 66 123 77
механизм 66 84
зажигать 66
фитиль 66
фраза 96 66 110
тощий 66 114
правый 66
обращение 67
сугубо 67
глумиться 67 126
незачем 67
ожог 67 101
выше 67
предплечье 67
дорогой 105 67
обращаться 114 67
представить 67
неприятный 67
необъятный 67 117
бескрайний 67
космос 67
часто 67
всматриваться 67
грань 67
ваш 67 108 82 120 91 127
трещинка 67
вот 129 130 67 116 91 95
саморазрушение 67
перенести 67
поднимать 130 67 109
неуклюже 67
пятипалый 67
весло 90 67
придавить 67
реквизит 67
греческий 67
ваза 67
причём 67
снаружи 67
вывихнутый 67
нелюбовь 67
пальто 115 67
свитер 67
слой 67
клей 67
приятно 67
спрятать 68 118
карман 124 68
гололёд 68
около 97 68 70
милитарист 68
качаться 68
ножка 68
политься 68
слюна 68 94
ящик 68
клюв 68
падальщик 68
ум 68
согласиться 68
создать 99 68 93 78
петля 68
соврать 68
подобный 68
нуль 68
выстрелить 90 68
ухо 115 68 103
знакомый 97 91 69 110
множить 69
веский 69
аргумент 73 69
эксперимент 69
дойти 69
мурашка 69
закрытый 101 69
вторить 123 69
нос 81 99 85 69
зудеть 126 69 86
родный 130 69
негожий 69
перед 115 69
миллиард 69
обрыв 69
низина 69
зыбка 69
спастись 69
выдохнуть 69
выбрать 106 69
синь 69 87
отблеск 69
наверное 122 69
сшить 69
кофта 69
оптимист 69
распылить 69
гвоздь 69
вбить 69
болеть 129 130 69 71 74 81 84 120 124 93
выговориться 124 69
веко 75 69
любящий 97 69
незагибаться 69
натиск 69
рутина 69
доктор 99 69
стационар 69
аптека 69
суть 74 69
вдохнуть 81 108 69
мягкий 69
остыть 69 119
онеметь 69
опьянеть 69
алкоголик 69
подопытный 69 126
кролик 69 126
артист 70
прохожий 70
щёлк 70
нельзя 70
яйцо 70
мяу 70
свист 70
резко 88 70
быстро 84 70
врач 101 70
скрипка 70
полтора 70
птичка 70
виться 70
человечек 122 70
пшш 70
шелестеть 70
киска 70
прыг 70
скок 70
опять 70
осечка 70
хлоп 70
множество 116 117 70
бумажка 70
печка 70
погрузить 78 71
раздумье 71
беспорядок 71
трансформироваться 71
полнолуние 71
чёркать 71
тетрадка 71
масса 110 71
уместиться 71
ньютон 71
действовать 101 71
расставание 71
вложить 71
поствременной 71
пьянка 71
пробиваться 71
таки 71
виднеться 119 71
дразнить 71
каменный 97 114 78 71
покрытие 71
замереть 71
сокрытый 71
чернила 82 71
брызнуть 71
длань 71
чудиться 71
египетский 71
мумия 112 71
трещать 71
рак 107 71
доживать 71
рассвет 71
сопеть 119 71
будильник 130 87 71
трезвонить 103 71
бред 116 71
городской 72 94 71
жалоба 72
обои 72
глубокий 72 91
игла 72
футбольный 72 83
мяч 72 107 120
ворота 72
ну 72 91 80 119
известный 72 91
спрячь 72
мозолить 72
тайна 72
собственный 72 84
обезличить 72
приручить 72
бешенство 72
кучность 72
размножаться 72
тренировать 72
пируэт 72 124
сырой 72
конура 72
квартирный 72
таковой 72
житель 72 120
хиросима 72
сенсационный 72
сегодняшний 72
метр 72
общественный 72
внезапно 72
непонятный 72
состояние 72 122
алый 73
чайка 73
вырисовывать 73
рисунок 73
плохой 97 73 114 120 121 91 125
поступок 73
потешаться 73
современный 73
искусство 73
окружающий 73 115 116 102
отпечаток 73 94
весомый 73
первый 81 73 95
случиться 73 125
ворчать 73
шумный 128 73 125
причал 73 90
плевел 73
веять 73
веер 73
разгонять 73 118
мрачный 73
ветвь 74 94
пропасть 81 74
орудие 74
железо 74
взглянуть 121 74
трезво 74
уничтожиться 74
стереться 74
запить 74
отравиться 74
никчёмный 74 123
град 74
бетон 74 78
влечение 74
поддержать 74
доноситься 74
поэт 75 114 83 118 91
открытый 75 93
засветиться 75
небосвод 75 78
ось 75
спасение 75
тонуть 128 97 75 112 83 85 89
нагло 75 95
рычать 75
частичка 75 119
герой 75
утроба 75
душевный 82 75 102 127
кризис 75
грудной 120 75
вытащить 75 79
связь 75
межрёберный 75
откроить 75
гнетущий 76
оседать 76
хруст 76
уронить 76
стараться 76
полюбить 108 76
вьюга 76
встретить 76
хохот 76
марс 76
прижать 76 84
жуткий 76 126
крепко 76
осадок 76
мозг 76
отложиться 76
пояс 76
венера 76
красивый 114 76
привычный 76
бороться 76
неприлично 76
покрыться 76
честно 97 114 76
кроткий 76
мыло 76
эритроцит 76
хромать 76
доброта 76
личность 114 76
подавляюще 76
вдыхать 77
чернь 77
потухший 77
салют 124 77
мусор 114 77
ублюдок 114 108 77
воровать 77
народ 91 77
власть 99 77
рвать 77
налог 77
простить 77
новогодний 130 77
косяк 77
владимир 77
владимирович 77
путин 101 77
ништяк 77
проблема 77
убыть 77
сжечь 122 77 130
советский 117 77 130
страна 77
бухать 77
человечишка 77
больший 114 77
бомж 77
охранять 77
шоссейный 77
прибой 78
буйный 78
людской 109 78
отмывать 78
блестящий 78
ступень 78
топить 97 114 78
беспамятство 78
фантом 78
рассказ 78
неуклюжий 78
неземной 78
канализационный 78
бедность 78
потолочный 78
стрелять 78
изгиб 78
сужать 78
узость 78
ноктюрн 78
флейта 78
водосточный 78
присутствовать 79
лютик 79
перегар 79
шарик 79
воздушный 79
торговать 79
опальный 79
чёрствый 79
бить 130 100 79 112 115
понятно 89 79
ненужный 99 79
скамейка 80 108
голубь 80
кивать 80
возражение 80
плевок 80
смываться 80
обрызгать 80
сапог 80
зелень 80
открыться 80
стабильно 80
лепесток 80
жасмина 80
девушка 80 84
хозяйски 80
засесть 80 114
кушать 80 95
груша 80
космический 112 81
босой 81 118
оригами 81
сотворить 81
разрушить 81 114 87
играться 81 116
колосок 81
бормотать 81
надевать 81
носка 81
звёздный 81 91
кандалы 81 126
набирать 81
нервозный 81 130
любовный 81
область 81
дрогнуть 81
резонно 81
убедить 81
ливень 112 81
холден 81
рожь 81
ловец 81
хлебный 81
обрываться 81
ткань 81
ниц 81 126
использовать 81
шприц 81
детский 81 126
акварель 81
объём 81
телефонный 81
гудок 81
прожить 81
дожидаться 81
разговор 81
дотрагиваться 81
играть 81
колосковый 81
зыбучий 81 130
болото 81 130
будущий 81
нежный 112 81 114 123
шёлк 81
чернозём 81
установленный 81
летний 81
угрюмость 82
мерзкий 97 82
фея 82
сражение 82
прошедший 82
юность 82 108
вертеться 82
пить 88 82
шампанский 82
отравлять 82
выплёскивать 82
крыло 82
бутафорный 82
болтовня 82
сожаление 82 91
злой 123 82 107
мутно 82
сочувствовать 82
стопа 82
продолжаться 82
подряд 82
очертание 82 93
прикасаться 82
неизлечимый 82
недуг 82
вещь 83
корейский 83
задрот 83
патч 83
дайвера 83
ласт 83
индус 83
каста 83
фанат 83
матч 83
президент 83 126
телохранитель 83
химик 83
натрий 83
солёный 83
система 83
жизнеобеспечение 83
космонавт 83
коррупционер 83
отставка 83
пляж 83
калека 88 83
здоровый 83
языческий 83
племя 83
коала 83
атеист 83
анкета 83
типичный 83
сигнал 83
хозяйка 83 103
пылесос 83
палящий 83
диабетик 83
инсулин 83
наркозависимый 83
кокаин 83
пластилин 83
раненый 83
бинт 83
пластырь 83
ремень 83
безопасность 83
материя 83
романтик 83
колеоптеролог 83
жук 83
слух 83
сырость 128 84
тошный 84 118
бешено 84
злобно 84
глядеть 84 127
докурить 84
обратно 84 93
шкаф 84 102
виновато 84
улечься 84
размножать 84
вирус 84
организм 88 84
срабатывать 84
мигрень 84
раскрыть 84
штора 84
горизонт 84 101 119
прогрессировать 84
спид 84
икона 84
пролететь 84
невинный 84
убийца 84
висеть 84
прыжок 84
полететь 84
гроб 114 84
раздаваться 84
бешеный 84 102
злость 84 125
мат 84
смерть 97 84
окружать 84
фильтр 84
проникать 84
храм 100 122 84
пустырь 84
небесный 85 127
садиться 85
навевать 125 85
шипеть 85
крушить 85
лодка 97 125 85
парус 107 85
беда 85
судно 85
спасательный 85
прижаться 85 119
горячий 103 117 85 118 93
варежка 85
эскимос 85
целоваться 85
опустеть 89 85
неизведанный 85
печение 86
съесть 86
статус 86
круто 86
вчера 88 86 119
крошка 130 86
ласкать 107 86
убиваться 86
пуля 90 102 86
пророчить 86
поперхнуться 86 95
потерянный 87 120 89 124 125
доверие 114 87
пропаганда 87
лицемерие 87
мнение 87
деградация 87
молодой 123 101 126 87
украинский 87
поколение 87
братский 87
отношение 87
дружба 87
наглый 87
явь 87
вражда 87
нацистский 87
строй 94 87
покалечить 87
острог 87
залп 87
картечь 87
завести 87
час 97 125 87
вынуть 87
батарейка 87
прийтись 130 87
паспорт 87
нержавейка 87
проклинать 88
вчерашний 88
рюмка 88
гадость 88 90 95
намертво 88
тягостный 88
впаять 88
паяльник 88
ничтожество 88
объяснить 88
обозвать 88
художество 88
подтверждать 88
бесполезный 88
застолие 88
переходить 88
надоесть 88 114
безлюдный 88
аллея 88
логично 88
идеализм 88
кстати 88
душонка 88
многий 88
реконструировать 88
алкоголизм 88
сытый 88
трудоголик 88
политик 88
массовый 88
туризм 88
постоянный 88
альбион 89
лаять 89
ворковать 89
медный 89
туман 89 107 109 113
контур 89
показывать 89
кусок 89
хлеб 89
мяукать 89
котёнок 89
левиафан 89
потянуть 89
донышко 89
ракушка 89
водоросль 89
пробраться 89
смола 89
дёрнуть 89
счастливый 89 93
протяжение 89
листок 89
строка 89
создание 90
эталон 90
скромность 90
пистолет 90
звонкий 90
сильный 90 126
презрение 90
чередование 90
бланк 90
безобразный 90
скопление 90
уверенность 90
правдивость 90
среда 90
действие 90
объективность 90
заложить 90
крестик 90
тетрадь 90
покоситься 90
конус 90
сводить 90
мыслить 90
порох 90
безысходность 90
тлен 90
сплошной 90
иллюзия 90
бывать 90 125
вредоносный 90
бросок 90
колесо 90
перебивать 90
окончание 90
медленный 90
начало 90 91
живить 90
пчела 90
улей 90
отбывать 90
безмерный 112 90
чужеродность 90
красить 90 124
ломать 90
запивать 90
скупой 90 110
йод 90
еловый 90 108
настой 90
подниматься 90
высокий 90
вылезать 90
безумец 90
делить 90
ноль 90
эгоистичный 104 90 110
исповедь 90
данный 90
волхв 90
фора 90
удар 91 118
бессонница 91
фланг 91
вооружённый 91
конница 91
обыватель 91 94
стихотворение 91
вызывать 115 114 91 126
нужность 91
прочтение 91
сие 91
творение 130 91
авторство 91
истина 91
прочитать 91
строчка 123 91
перепрыгивать 91
через 91
ям 120 91 109
словесный 121 91 101 126
б 91
занемочь 91
заболеть 91 93
сочинить 91
порадовать 91
жаждать 91
подвал 128 91
позёрство 91
странный 91
рейтинг 91
рваться 96 91
переезд 91
жопа 91
поехать 91
колесить 91
европа 91
сборник 91
просторный 91
допускать 91
молдавский 91
галить 91
перевод 91
издатель 91
милый 114 91 119
парень 91
талантливый 91
запереться 91
сдохнуть 91
сгнить 91 93
уходить 130 93
аквариумный 93
дерзить 93
спрячься 93
занавеска 93
натягивать 93
леска 93
пьянеть 93
орфей 93
растерзать 93
малюсенький 93
золотой 93
рыбка 93 119
утопиться 114 93
проза 93
броситься 93
бульдозер 93
мирок 93
бесцветный 93
донельзя 93
половинка 93
босяк 93
недочеловек 93
недопоэт 93
впредь 93
потемнеть 93
аквариум 93
наполнить 101 117 93 126
лама 94
переживать 94
толпа 94
промчаться 94
синекопытный 94
аэробус 94
птеродактиль 94
бензин 94
брюки 129 94
толщина 94
бровь 94
неестественность 94
накладный 94
гибкость 94
начаться 94
диалог 94
одолеть 94
монолит 94
предел 94
наружность 94
сигналить 94
квадрат 94
нагрузить 94
светофор 94
беспокоить 102 94
гул 94
мотор 94
обывательский 94
откликнуться 94
эм 95
очередной 95
свесить 95
долгожданный 95
ёлка 95
нарядить 95
непонимание 95
всякий 95
вкусность 95
здоровье 95
фейерверк 95
декабрь 95
именно 95
неповторимый 95
говнистый 95
загубить 95
трепетный 95
аккуратность 95
продумывать 95
обещание 95
смешно 95
оливье 95
зрелище 95
радость 95
обязательно 95
сидя 95
экран 95
пролистать 95
вперемешку 95
поздравление 95
прилагательное 95
существительное 95
означать 95
прибавление 95
единичка 95
марка 95
производитель 95
шампанское 95
глупо 97 125 95
получать 95
старьё 95
актёр 95
съёмка 95
быдло 95
распивать 95
водка 95
ура 95
рад 123 95
повториться 95
следующий 95
косой 96
исходить 96 120
переулок 96
разрываться 96
запястье 96
колкий 96
антоним 96
широкий 96 115
живот 96 120
запиваться 96
монета 96
польза 96
отверстие 96
верный 97
разбитый 97
вдрызг 97
покупать 97
порт 97
штормить 97
самомнение 97
разрывать 97
представлять 97
гений 97
ошейник 97 126
глубь 97
рожа 97
тряска 97
троллейбус 97
вписаться 97
совесть 97
невидный 97
зга 97
смеркаться 97
восемь 97
блиндаж 97
нежно 97
загрязнить 97
сажа 97
везде 97
сенсор 97
чернобыль 97
реактор 97
препятствие 97 130 126
тушить 97 107
пожар 97 116
гавань 97 116
пригодный 97
керосин 97
дожить 97
заработать 97
пенсия 97
фото 107 113 99
зацепиться 99
ветка 113 99
трос 99
очаровательность 99 102
вздёрнутый 99
лебединый 99
обладание 99
альфа 99
пасть 99
оголять 99
арфа 99
сласть 99
подделка 99
сахар 99
коряга 99
замена 99
сакура 99
чума 99
главный 99
содрогаться 100
осуществление 100
могила 105 130 100
пугать 100 110 119
выплёвывать 100 102
доза 100
героин 100
молот 100
змеиный 100
мука 100 119
искажённый 101
изуродовать 101
мышца 101
отбирать 101
светлый 101
хотеться 101
терапия 101
оный 101
товарищ 101
беззубый 101
уличный 101 118
художник 101
филантропия 101
поставить 101 127
памятник 101
помин 101
тленный 101 126
течь 101
то 120 123 101 127
мак 101
кузов 101
замылить 101
встречать 101
хранить 101
отдохнуть 101
поспать 101
скрести 101
сусек 101
установить 101
шизофрения 101
дизентерия 101
взлетать 101
испачкать 101
навзрыд 101
тереть 101
обжечься 101
зонт 101
сохранить 101
привычно 102
пропеть 117 102
топот 102
лошадь 102
нестись 102
огромный 112 114 102 122
тихо 102
пиф 102
паф 102
аффектация 102
гладкий 102
выблёвывать 102
мерзость 102
плавно 102
погружаться 102
вспять 102
ковёр 102
угольный 103
кирпичный 103
изводить 103
колючий 103
плесень 103
парка 103
пережить 103
недолго 103
трение 126 103
уксус 103
плач 103
угрюмый 126 103
уголь 115 103
бубнить 103
байка 103
единый 103
сдавить 103
зажим 103
вспотеть 103
мыть 103
сомкнуть 103
одиннадцать 103
щупать 103
сетовать 129 103
про 103
зарыть 103
вмешательство 104
ургентный 104
вмешиваться 104
подсознание 104
рецепт 104
внедряться 104
испепелять 104
прекрасно 104 119
закопать 105
могильник 105
роман 105
починить 105
рана 105 114
жила 105
погрести 105
растаять 106 123
вечером 106 126
ложиться 113 106
зыбкий 106
нескоро 106
кончиться 106
трясти 106 122
рьяно 106
петербург 106
объятие 106 118
свернуть 106
воля 106
твердь 107
земной 120 107
август 107
стеречь 107
воровской 107
оконный 107
задымляться 107
житься 107
безусловно 107
внутривенный 107
гадко 107
развиваться 107
обволакивать 107
наматывать 107
шарф 107
свеча 107
джина 108
поворот 108 127
пропердеть 108
неплохо 108
некуда 130 108 127
тут 128 108
безлюдно 108
яркий 108
честной 108
легко 108 109
отказываться 108
быдлански 108
пошатываться 108
распитие 108
расслаблять 108
напиток 108
проплывать 108
молодость 108
чесать 108
скудный 108
затылок 108
избитый 108
искалечить 108
варвара 108
вуаль 108
таз 108
шуметь 128 109 115 119 124
притягивать 109
пират 109
трюм 109
бродить 109
палуба 109
электричка 109
туннель 130 109 119
шуршать 128 109
собачий 109
рычание 109
интересовать 110
столб 110
человечность 118 110
зов 110
ниоткуда 110
пудинг 110
самолично 110
колотить 110
зачаток 114 110
мимикрировать 110
урбанистический 110
осязаемость 110
объёмность 110
вытеснять 110
теневой 110
эверест 110
эгоизм 110
цепочка 110
засохнуть 110
палка 110
очередь 118 110
недостаток 110
интерес 110
дивный 112
утопия 112
моветон 112
паровозный 112
трудолюбие 112
сокровищница 112
обмотаться 112
эхнатонский 112
избегать 112
пирамидный 112
вершина 112
австрийский 112
документ 112
ночлег 112
чердак 112
всепоглощающий 112
сантименты 112
окрылить 112
конфетти 112
устроить 112
незабываемый 112
обмечтаться 112
заплетаться 112
бха 112
джан 112
кутить 112
р 112
сансар 112
аспид 113 123
аэродром 113
основа 113
создаваться 113
отгладить 113
отутюжить 113
прописать 113
необходимо 113
смена 120 113
азарт 113
протягивать 113
запоминать 113
глагол 113
заканчиваться 113
ать 113
назло 113
оттенок 113
склонить 113
усечь 113
версия 113
фейк 113
увеличиваться 113
прогрессия 113
число 113 126
станцевать 113
отдавать 114
младенец 114
ванна 114
судный 114
серьёзный 114
буран 114
обычный 114
грешный 114
фальшивый 114
судьба 114
причинить 114
моль 114
харкать 114
противно 114
чуточку 114
комично 114
унижать 114
словцо 114
ирония 114
прошлое 114
утопить 120 114
блевать 120 114
стерпеть 114
невзгода 114
чтоб 114
ценность 114
ржавый 114
копейка 114 115
дефект 114
морально 114
оглохнуть 114
бармен 114
хриплый 114
налейка 114
алюминиевый 114
напомнить 114
необычный 114
пузо 114
простофиля 114
высокомерный 114
эгоист 114
последствие 114
аж 114
жутко 114
воздействие 114
отталкивать 114
неприятность 114
трехтонный 114
якорь 114 127
плеть 114 115 130
пролиться 114
влажно 114
звон 114
пролить 114
разлюбить 114
дальнейший 114
муж 114
обида 114
ухаб 114
вырывать 114
блокнотный 114
сякой 114
повести 114
пивная 114
понятие 114
мужество 114
честь 114
заныкалиться 114
замызгать 114
счесть 114
веровать 114
скрип 115
соседний 115
класть 115
гниль 115
звенящий 115
мразь 115
натянуть 115
намылить 115
едкий 115
мочить 115
пот 120 115
дед 115
макдональдс 115
есть 128 115 116
объедок 115
рвота 115 116
спросить 115
цена 115
свобода 115
собирать 115
кед 115
окова 115 126
рождение 115
чётный 115
букет 115
туалет 115
погост 115
весна 115
магический 115 119
паршивый 115
донимать 115
трогать 115
банальный 115
мурмур 116
пароход 116
катать 116
впиться 116
отрывать 116
граница 116 119
съезд 116
различный 116
секта 116
талдычить 116
правильный 116
сатанический 116
мораль 116
ободрать 116
махать 116
кот 116
нечто 116
дьявольский 116
теснота 116
вываливать 116
отбить 116
матрос 116
блевота 116
швабра 116
нищета 116
синтетический 116
зверь 116
дождливый 116
плавать 116 119
блик 116
мурлыкать 116
холодильник 130 117
лампочка 117
вычеркнуть 117
записной 117
книжка 117
взволнованно 117
резкий 117
есенин 117 126
потонуть 117
трусливый 117
капитан 117
борт 117
суд 117
храбрость 117
повесить 117 126
устойчивый 117
пропитать 117
неправда 117
попасть 117
рабство 117
ушко 117
прочесть 117
век 117
тёплый 130 117 119
температура 117
батарея 129 117 118
коррозия 117
наполниться 117
необыкновенный 117
снеговик 117
чертовый 117
ошалелый 117
ловить 117
откладывать 117
овечка 117
прошептать 117
вечность 117 118
простоять 117
замёрзнуть 130 117
камин 117
до 118
зимой 118
жаркий 118
лето 129 118
ради 118
многоэтажка 118
убрать 118
антибиотик 118
лечить 118
излечимый 118
окатить 118
олимпийский 118
прикрыть 118
впитать 118
попрошайка 118
вымереть 118
музыкант 118
район 118
вывесить 118
табличка 118
замести 118
банкир 118
наличка 118
тайфун 122 118
лепить 128 118
снежок 118
мирской 118
морфий 118
период 118
полутьма 118
испытывать 118
топор 118
хлыст 119
поцарапать 119
захотеться 119
отшиб 119
гнилой 119
поверь 119
лирический 119
кофе 119
целый 119
стоя 130 119
карабкаться 119
стенка 119
кусочек 130 119
океанский 119
громадный 119
летучий 119
скала 119
уносить 119
невозможный 119
подводный 119
выстроить 119
кит 119
новенький 119
окружный 119
мучить 126 119
адов 119
гулливер 120
плевать 120
размер 120
рацион 120
пример 120
изувер 120
дырка 120
филигранный 120
заткнуть 120
посчитать 120
природный 120
липкий 120
тяжесть 120
механический 120
деталь 120
запретный 120
маяковский 120 122
роза 120
пыхтеть 120
паровоз 120
магистраль 120
любитель 120
ария 120
благоухать 120
тарелка 120
ложка 120
вонять 120
свиной 120
навоз 120
крещенский 120
мороз 120 130
воск 121
вытирать 121
готовый 121
взирать 121
штык 121
глазище 121
нищий 121
подтереться 121
вьюжный 121
подпереться 121
очнуться 121
протереть 121
глазёнки 121
бродский 122
плоский 122
жаль 122
шататься 122
доходить 122
буря 122 130
сносить 122
здание 122 123
вбивать 122
омерзительный 122
угар 122
гадать 122
доска 122
погубить 122
пообедать 122
даль 123 127
февраль 123
щёлкать 123
отвесить 123
лещ 123
обниматься 123
волочить 123
охладить 123
еле 123
согреть 129 123
скрыться 123
метель 130 123
забирать 123
гель 123
ванная 123
скрытый 123
оболочка 123
известно 123
наоборот 123
нервный 123
соваться 123
хохотать 123
вдоль 123
нюхать 123
ясли 123
надпись 123
рассказывать 123
сказка 123
умолк 124
балерина 124
расчёсывать 124
чёлка 124
улья 124
пчёлка 124
жужжать 124
маячить 124
жалить 124
уставать 124
шиворот 124
скула 124
дружеский 125
похлопать 125
гобелен 125
решить 125
пассажир 125
отбросить 125
топать 125
жаловаться 125 127
кинуться 125
муза 125
разочарование 125
покинутый 125
выкинуть 125
отправить 125
никуда 125
житейский 125
злобиться 125
враждебный 125
грозный 125
сойтись 125
беринг 125
пролив 125
отвратительный 125
берия 125
двадцать 126
шестой 126
изменение 126
шанс 126
выбраться 126
тюремный 126
лгун 126
сплошняк 126
значащий 126
обед 126
злорадствовать 126
старший 126
зажечься 126
ситцевый 126
роздымь 126
спасибо 130 126
откликаться 126
левый 126
вспорхнуть 126
переводить 126
вешать 126
ценник 126
грешник 126
бразда 126
хитрить 126
извергать 126
нытьё 126
грызть 126
бытие 126
зола 126
аорта 127
пробираться 128 127
слякоть 130 127
вышвырнуть 127
повтор 127
разбиться 127
хрусталь 127
невыносимый 127
двояко 127
ярко 127
несуществование 128
зависеть 128
глухо 128
материал 128
брести 128
темница 128
глазница 128
шшшшш 128
шшшш 128
думаться 128
апрель 129
синеть 129
пачкаться 129
женатый 129
жара 129
макушка 129
пекло 129
носочек 129
тротуар 129
ещё 129
задохнуться 129
расцветать 129
завал 130
постучать 130
смиренно 130
головушка 130
мельком 130
солнышко 130
котик 130
ручка 130
согреться 130
собрать 130
калитка 130
аккуратненький 130
щипание 130
рождаться 130
упираться 130
землюшка 130
хлебушек 130
кусать 130
морозный 130
убирать 130
медь 130
покосить 130
монастырь 130
простор 130
защищать 130
холить 130
лучик 130
ненадолго 130
подарок 130
страшный 130
завтракать 130
эмоционально 130
трогательно 130
искренний 130
добрый 130
отзыв 130
copyright 2 3 4 5 6 7 8 9 10 11 12 13 14 15 16 17 18 19 20 21 22 23 24 25 26 27 28 29 30 31 32 33 35 36 38 39 41 42 43 44 46 47 48 49 51 52 53 54 55 56 57 58 60 61 62 63 64 65 66 67 68 69 70 71 72 73 74 75 76 77 78 79 80 81 82 83 84 85 86 87 88 89 90 91 93 94 95 96 97 99 100 101 102 103 104 105 106 107 108 109 110 112 113 114 115 116 117 118 119 120 121 122 123 124 125 126 127 128 129 130
ali 3
n 3
c 6
cмирись 14
war 68
make 68
peace 68
so 83
cделает 91
aquarium 93
viii 99
vi 107
vii 113
